1 1 1.00000000000000000000000000000e0
2 1 3.88051793878705416042067757229e-1
2 2 1.0000000000000000000000000000e0
3 1 3.30291796652782298572363624923e-1
3 2 3.96150809335837126634209773520e-1
3 3 1.00000000000000000000000000000e0
4 1 2.98349667939993274750861864749e-1
4 2 3.47794116227663749967087152704e-1
4 3 3.99248890196324339016492753066e-1
4 4 1.00000000000000000000000000000e0
5 1 2.77609609505717923797449226602e-1
5 2 3.27996313642984695805027046681e-1
5 3 3.62042636318537174954050195740e-1
5 4 4.00865046656789456326532526423e-1
5 5 1.00000000000000000000000000000e0
6 1 2.62559071440384785324182592501e-1
6 2 3.08601381070415707295450204654e-1
6 3 3.38538606125081626780817119631e-1
6 4 3.72027373443660035113920764786e-1
6 5 4.01845571286376400035421741545e-1
6 6 1.00000000000000000000000000000e0
7 1 2.50873245098390904882803021109e-1
7 2 2.88210012040353985535128914732e-1
7 3 3.15337502000536275529905875391e-1
7 4 3.44071929624253027410821844043e-1
7 5 3.78814189898752747464355889211e-1
7 6 4.02497759105452017104320806506e-1
7 7 1.00000000000000000000000000001e0
8 1 2.41396351754936979900203776807e-1
8 2 2.74180201861615971992164265977e-1
8 3 3.06597762127020060884787871225e-1
8 4 3.27163961248713088414473601195e-1
8 5 3.49698625200376979937432424355e-1
8 6 3.83349332136997108215485737939e-1
8 7 4.02959563373791044110102090917e-1
8 8 1.00000000000000000000000000007e0
9 1 2.33473768755506144428781611794e-1
9 2 2.65911127006151573171543498148e-1
9 3 2.99048357212511073375883232606e-1
9 4 3.17416414096447906554082089927e-1
9 5 3.36287584158897751710383427347e-1
9 6 3.54250252520249594938868732865e-1
9 7 3.86569517582415600068575925746e-1
9 8 4.03301800374137604744889250606e-1
9 9 1.00000000000000000000000000031e0
10 1 2.26699528219709041140034645752e-1
10 2 2.60220671196849502900359576151e-1
10 3 2.84055938259609948493300701113e-1
10 4 3.01499596995586391066062220772e-1
10 5 3.22075934080269813580099423129e-1
10 6 3.43474602196771912156662840192e-1
10 7 3.58596729061676912342633795314e-1
10 8 3.89063451930387756187445536177e-1
10 9 4.03564395396526785962770123604e-1
10 10 1.00000000000000000000000000114e0
11 1 2.20805159748578388728056295094e-1
11 2 2.54194731029275521282148567909e-1
11 3 2.71237729328454368870610262611e-1
11 4 2.93872041088991864679746825597e-1
11 5 3.09418139844391099349591917715e-1
11 6 3.25864423262127746700174429085e-1
11 7 3.47939928494700762561655261417e-1
11 8 3.62563715422096640121283514968e-1
11 9 3.91072620181481990150290292011e-1
11 10 4.03771483792418803299655559428e-1
11 11 1.00000000000000000000000000364e0
12 1 2.15604383565066438055540748242e-1
12 2 2.46716001630623395925892691144e-1
12 3 2.64716610615051031436785752086e-1
12 4 2.91814084274919525872049949084e-1
12 5 3.05983863924310418277301325318e-1
12 6 3.19128869152832661710576596251e-1
12 7 3.31135945138446062507837109688e-1
12 8 3.50849603825512218789160766601e-1
12 9 3.66096104879026232551845695718e-1
12 10 3.92711205170614089400721934608e-1
12 11 4.03938467375032879809173713069e-1
12 12 1.00000000000000000000000001021e0
13 1 2.10962996347851103341968918356e-1
13 2 2.39576773234753348355939639480e-1
13 3 2.61291577554386945388999027039e-1
13 4 2.82699366574462547073795685007e-1
13 5 2.94508913312384522505884444759e-1
13 6 3.09865011131872458213789221211e-1
13 7 3.25261960437279756506025242467e-1
13 8 3.36245217213593970457558504098e-1
13 9 3.53234198861711247962711374658e-1
13 10 3.69354262661848983251204165184e-1
13 11 3.94043997147035543856476147252e-1
13 12 4.04075610183654309580809626745e-1
13 13 1.00000000000000000000000002543e0
14 1 2.06781329455496079897859825387e-1
14 2 2.33884202779155587247362707910e-1
14 3 2.56417477731689931848483521670e-1
14 4 2.70278127187845208837402314055e-1
14 5 2.85454628183248180791668654783e-1
14 6 2.98927035869162212571184866539e-1
14 7 3.13139254065454039575310184147e-1
14 8 3.29777495751454695778501168463e-1
14 9 3.40538818973548659654957603683e-1
14 10 3.55491826289773206992610231801e-1
14 11 3.72243641642446253900847897688e-1
14 12 3.95129583973157623878482212258e-1
14 13 4.04189999943453536832114021346e-1
14 14 1.00000000000000000000000005679e0
15 1 2.02983477453341452482663045446e-1
15 2 2.29694632996608327649764618194e-1
15 3 2.50543216416805771618225053336e-1
15 4 2.63283389634186642156425419293e-1
15 5 2.84891448075050897188345237627e-1
15 6 2.97456321580489629036331854216e-1
15 7 3.07069191408318911829593918594e-1
15 8 3.16877169315107430483233843083e-1
15 9 3.32197162360926793053891322360e-1
15 10 3.44821983234670845174268782704e-1
15 11 3.57672525415000350952258242795e-1
15 12 3.74854036718852548276261200329e-1
15 13 3.96042219792814727033472613628e-1
15 14 4.04286678665938655637610985699e-1
15 15 1.00000000000000000000000000000e0
16 1 1.99510395233249393394005236778e-1
16 2 2.26523436408659827134298635671e-1
16 3 2.45995404584222121040240287735e-1
16 4 2.60402319315380150107577828614e-1
16 5 2.81490271120563218895000978285e-1
16 6 2.90886393910142226095991453785e-1
16 7 3.02858921263741071985460340903e-1
16 8 3.14731568181612766864754643326e-1
16 9 3.22465623343313724919794035552e-1
16 10 3.34090727838073657769045728063e-1
16 11 3.48668072915167294444768136817e-1
16 12 3.59678923344233291096252317444e-1
16 13 3.77200894788962977101780712567e-1
16 14 3.96827476215862467038796848002e-1
16 15 4.04369324763006875731631664909e-1
16 16 1.00000000000000000000000000000e0
17 1 1.96315314316314621160393349441e-1
17 2 2.23701503232705875294653939793e-1
17 3 2.42673290881274454198501859700e-1
17 4 2.56603153052539481477216683442e-1
17 5 2.70991739071221075209280478667e-1
17 6 2.80407828055664886088756607497e-1
17 7 2.91951582578126231896230856090e-1
17 8 3.03970630676795404080597200008e-1
17 9 3.18080859991489072549075116666e-1
17 10 3.27392654456830675084754422795e-1
17 11 3.36492322102067638671384054475e-1
17 12 3.51772473510034957298002951842e-1
17 13 3.61478838464407538053061258914e-1
17 14 3.79286151667046255288320454615e-1
17 15 3.97510238279403486918108594457e-1
17 16 4.04440680713713123086818941323e-1
17 17 1.00000000000000000000000000001e0
18 1 1.93360606111757639848742681874e-1
18 2 2.20599806945486210833189869122e-1
18 3 2.39454644994741212902766455814e-1
18 4 2.52368600824111412922828406268e-1
18 5 2.62982643008627017957416050687e-1
18 6 2.78610369581867918844721657866e-1
18 7 2.90269200431004293863802094699e-1
18 8 2.98765717413074759004500412590e-1
18 9 3.07868694682967951389296791931e-1
18 10 3.20306055255231048817605996618e-1
18 11 3.31457761384313591453001406016e-1
18 12 3.39060150301255564108593386947e-1
18 13 3.54390106440101655049333027485e-1
18 14 3.63112603119491232354746451844e-1
18 15 3.81164504909638162056201802430e-1
18 16 3.98104815966633666664861651205e-1
18 17 4.04502830163043199361600662864e-1
18 18 1.00000000000000000000000000003e0
19 1 1.90615579062526318404582475860e-1
19 2 2.16939771128761841881641895687e-1
19 3 2.35184983722817181427591839682e-1
19 4 2.49245466081583941178002690839e-1
19 5 2.59347690393234162159511974598e-1
19 6 2.78680498685060207797604056436e-1
19 7 2.88318139135202910326712406838e-1
19 8 2.97903662523157431118945504216e-1
19 9 3.06163860972694026648982935531e-1
19 10 3.12373193644476794163800834135e-1
19 11 3.22063457924463378100436991392e-1
19 12 3.34872212466530911775333134863e-1
19 13 3.41800972671989718216692294905e-1
19 14 3.56513823821920521249127079912e-1
19 15 3.64707370235563292261450722480e-1
19 16 3.82833052694887405692039477700e-1
19 17 3.98620730606903968672546869744e-1
19 18 4.04557382646427231486667931340e-1
19 19 1.0000000000000000000000000000e0
20 1 1.88054896395607270821432787422e-1
20 2 2.13224960906912625910819204626e-1
20 3 2.30211742339468620215950248024e-1
20 4 2.46674287762871977191483786030e-1
20 5 2.55845198758642429474843792401e-1
20 6 2.72121934312053839205055486024e-1
20 7 2.78148451940062664995141383349e-1
20 8 2.87557881153462072653951333673e-1
20 9 2.98330217988326219756065367078e-1
20 10 3.10739874392308048030662201678e-1
20 11 3.17950327878074983332449085653e-1
20 12 3.24290159850396763542256571160e-1
20 13 3.37725273408243690304315440460e-1
20 14 3.44344667317274832873061127458e-1
20 15 3.58147965562272164174456009230e-1
20 16 3.66252344057631550886247335465e-1
20 17 3.84322512349617163501538238426e-1
20 18 3.99072554842620775602106171455e-1
20 19 4.04605599837806586794514956936e-1
20 20 1.0000000000000000000000000000e0
21 1 1.85657416923540237424834002212e-1
21 2 2.09879735814561872622725931006e-1
21 3 2.26069865498220333147121626871e-1
21 4 2.43300674100696971241051138448e-1
21 5 2.52797202869263238167218594217e-1
21 6 2.64076350505610788871880928340e-1
21 7 2.73836387030350829923982779195e-1
21 8 2.84231059369868634862032085414e-1
21 9 2.92242380113101595681200939902e-1
21 10 3.00324662197301618146454284574e-1
21 11 3.11700431706538993881653101507e-1
21 12 3.22201774555149283448929343599e-1
21 13 3.27205211335499308475881762238e-1
21 14 3.39671955558950842383424779106e-1
21 15 3.46630348072453736050864463279e-1
21 16 3.59465829351253114040367768420e-1
21 17 3.67761920462512006244217946064e-1
21 18 3.85652232832464201737038270002e-1
21 19 3.99474683991884437519671279286e-1
21 20 4.04648483748619970103628060504e-1
21 21 1.0000000000000000000000000000e0
22 1 1.83405330766617422305758590877e-1
22 2 2.07072592840953144629557454805e-1
22 3 2.23302020645131610674167587930e-1
22 4 2.38775353285739258342047538972e-1
22 5 2.50891626780617058547621169392e-1
22 6 2.59123966501425493483109636109e-1
22 7 2.74613964261270112253762023300e-1
22 8 2.85066565977985380265709656921e-1
22 9 2.93308201256124223492860434225e-1
22 10 2.99626980517622638888034771247e-1
22 11 3.05329529034316141717725749297e-1
22 12 3.13238635471551385916014166837e-1
22 13 3.24929441215686989218242121015e-1
22 14 3.30666792158249390838406080114e-1
22 15 3.40881305840638131093067385262e-1
22 16 3.48902422873153979141360149573e-1
22 17 3.60656057951365671384476733917e-1
22 18 3.69185467183473189891184558600e-1
22 19 3.86828482410069764212012285125e-1
22 20 3.99835816255078528225018251461e-1
22 21 4.04686839560317374212794206222e-1
22 22 1.0000000000000000000000000000e0
23 1 1.81283504804181677246371945191e-1
23 2 2.04785549400259665230590470225e-1
23 3 2.21605488016202126194212277436e-1
23 4 2.35133258941810322276994209811e-1
23 5 2.48954205978276474832173536218e-1
23 6 2.54974954534293626379619276108e-1
23 7 2.71875253809133550286436274491e-1
23 8 2.77681456784132881013792759525e-1
23 9 2.85207819861364154033283732533e-1
23 10 2.94767386417624227175761283172e-1
23 11 3.04729753945289529048312952379e-1
23 12 3.10446505907561065955970425004e-1
23 13 3.15800201321809949704718402939e-1
23 14 3.26967822961900185617672181974e-1
23 15 3.33648104329605012216390432579e-1
23 16 3.42072071172512747019817249753e-1
23 17 3.51080687352388890828317164595e-1
23 18 3.61778036473760849310493853269e-1
23 19 3.70529838364275833005129693333e-1
23 20 3.87876911566135640502484920780e-1
23 21 4.00161138998823685798086172250e-1
23 22 4.04721321175488875268572979431e-1
23 23 1.0000000000000000000000000000e0
24 1 1.79278979949015781864231739667e-1
24 2 2.02881264950141069233886948984e-1
24 3 2.20205018624380023016541572981e-1
24 4 2.33029854681654884605774751181e-1
24 5 2.45272981285694425816181278970e-1
24 6 2.52389079392442516190664421627e-1
24 7 2.65925126589353916979928900291e-1
24 8 2.71177335192627779545361268377e-1
24 9 2.79671521411358999344115113311e-1
24 10 2.87253465212485138940137110876e-1
24 11 2.94938642183221849832667193563e-1
24 12 3.05806695693928927039444558232e-1
24 13 3.14949090416366734266058317020e-1
24 14 3.18652424349370704258596619202e-1
24 15 3.28387466313522113339132792744e-1
24 16 3.36387614290154596527843310699e-1
24 17 3.43359190696679821395992075189e-1
24 18 3.53228778249865669219182251183e-1
24 19 3.62808090968373544768149018420e-1
24 20 3.71806185023997047786391441690e-1
24 21 3.88811042312825595377285994140e-1
24 22 4.00453772079728953976127423015e-1
24 23 4.04752464764866637662741161545e-1
24 24 1.0000000000000000000000000000e0
25 1 1.77380580099721278950865300037e-1
25 2 2.01161740951098140251396804077e-1
25 3 2.18232415892647795322448094769e-1
25 4 2.31565274138662460032026630012e-1
25 5 2.41294447069424440725028508521e-1
25 6 2.51431520425660515031629820908e-1
25 7 2.60131797383801233919245273095e-1
25 8 2.70515198385236412068071730984e-1
25 9 2.80946556301673105092775294122e-1
25 10 2.88595633644550246768117060942e-1
25 11 2.94190730222114167933597862797e-1
25 12 2.99163384007694657840913054406e-1
25 13 3.06560764602871895878035415637e-1
25 14 3.17705550721078815818768887352e-1
25 15 3.22430364529653227599883554264e-1
25 16 3.29572310377261596711068730260e-1
25 17 3.38835420477681041662939488108e-1
25 18 3.44752499064472778939726386683e-1
25 19 3.55249504747493312136308412961e-1
25 20 3.63821009733111513246262221462e-1
25 21 3.73043969393912788701004566562e-1
25 22 3.89653530622206489030197430039e-1
25 23 4.00716901322145630171224833018e-1
25 24 4.04780713828550011642951158863e-1
25 25 1.0000000000000000000000000000e0
26 1 1.75578604439237431823800293314e-1
26 2 1.99415342377742812504549090149e-1
26 3 2.15631301299971395811735146569e-1
26 4 2.29107584270069622307736621495e-1
26 5 2.39048632324151141504457920307e-1
26 6 2.50039580591786316298819634590e-1
26 7 2.54739424827486922724273897715e-1
26 8 2.69648406879392514224355624042e-1
26 9 2.77449428894651261216827861545e-1
26 10 2.83980406468758859628918547880e-1
26 11 2.92063221927702673202095519861e-1
26 12 2.99687805927057299289700986824e-1
26 13 3.04634924779663740397940638691e-1
26 14 3.08756363016346009175690969956e-1
26 15 3.18511778414718355070510087501e-1
26 16 3.25963075128110191387577357982e-1
26 17 3.30813285036381330848791461377e-1
26 18 3.41031870132042502146562474738e-1
26 19 3.46116739462793364811791760569e-1
26 20 3.57025057739701511105693958794e-1
26 21 3.64821253441318215857231703924e-1
26 22 3.74233856867561320219452618095e-1
26 23 3.90422214071047329115004997153e-1
26 24 4.00955900260896519063721946025e-1
26 25 4.04806438162508449305975429695e-1
26 26 1.0000000000000000000000000000e0
27 1 1.73864582759475030223437382221e-1
27 2 1.97454532625288442300379284168e-1
27 3 2.12994456822428312192321839018e-1
27 4 2.25283008793778259181540977214e-1
27 5 2.37850306540705054136952523903e-1
27 6 2.46531927979540913524407554749e-1
27 7 2.51773003891533082411861796263e-1
27 8 2.67134780343949952124148793380e-1
27 9 2.70590304671436038354029141819e-1
27 10 2.76892746028400661108179909076e-1
27 11 2.83804149142864900125608618205e-1
27 12 2.91391567411856230175288182951e-1
27 13 3.01365325573304269088617738406e-1
27 14 3.09310747296973213111356398513e-1
27 15 3.12565920648867304836857631178e-1
27 16 3.19585607813793751926695070483e-1
27 17 3.28800372468147324687090404047e-1
27 18 3.32362661186060205311733501687e-1
27 19 3.43043346537019407618490102099e-1
27 20 3.47626968279304945614689917719e-1
27 21 3.58643248550784626625819034969e-1
27 22 3.65765181042149656238744994853e-1
27 23 3.75377757639768768265211786083e-1
27 24 3.91124308022957608693583208439e-1
27 25 4.01174717700743061915408643804e-1
27 26 4.04829948383834306354762959374e-1
27 27 1.0000000000000000000000000000e0
28 1 1.72231079022570041717593596217e-1
28 2 1.95286527575146683043521690827e-1
28 3 2.10628302846882956579019540299e-1
28 4 2.21728446829776179562832224382e-1
28 5 2.35513652189798913946962472971e-1
28 6 2.43441604403804227666169922741e-1
28 7 2.51232694287967506625512619600e-1
28 8 2.62073888894913742206992975615e-1
28 9 2.67559619620626701094213053568e-1
28 10 2.76707933278090834233414336542e-1
28 11 2.83986977229242156100101381220e-1
28 12 2.89443764330369397268167542138e-1
28 13 2.93918883570994735963530694045e-1
28 14 3.01288936555462663933383305014e-1
28 15 3.11429821106081143134909834519e-1
28 16 3.15980035780300107392968276713e-1
28 17 3.21088705174102307774062063250e-1
28 18 3.30748052515374137738379720150e-1
28 19 3.34324250728299062945767261933e-1
28 20 3.44847576130523510798740376631e-1
28 21 3.49162004196932305210659015140e-1
28 22 3.60102986374279255643644833067e-1
28 23 3.66672654303454672686341850608e-1
28 24 3.76460175704932522047886801006e-1
28 25 3.91773347464574840378091799009e-1
28 26 4.01375810768781608024057424574e-1
28 27 4.04851507176461261382361689484e-1
28 28 1.00000000000000000000000000000e0
29 1 1.70671532248958179552378436409e-1
29 2 1.93116479945763226000020537677e-1
29 3 2.08654727674152223263423854749e-1
29 4 2.19328709901650994856681238180e-1
29 5 2.31708003512709362853526659568e-1
29 6 2.42013274084340643794280420063e-1
29 7 2.50232584624184718620006893842e-1
29 8 2.55575587908144003399163988398e-1
29 9 2.66422188746998490549301273912e-1
29 10 2.75864646278888700838768386602e-1
29 11 2.82591932726328986592271770965e-1
29 12 2.89456674518296980114929350986e-1
29 13 2.95623699006786120387554755896e-1
29 14 2.99774780675716679815592132581e-1
29 15 3.03526790546736042771551669870e-1
29 16 3.12407629036448100264560712927e-1
29 17 3.19554426392358744467208325837e-1
29 18 3.22820282237974780125182105436e-1
29 19 3.32481282713652883373866011498e-1
29 20 3.36493320962093668050908775767e-1
29 21 3.46144238244729752619844099890e-1
29 22 3.50639205869633738772239427230e-1
29 23 3.61428557875752235993404899540e-1
29 24 3.67541640919282023474048960749e-1
29 25 3.77489428131508811140777791784e-1
29 26 3.92374106462217749596461694797e-1
29 27 4.01560669479363846371774255862e-1
29 28 4.04871338085522317439735852864e-1
29 29 1.00000000000000000000000000000e0
30 1 1.69180126584536193143874438562e-1
30 2 1.91090842021751606305626609969e-1
30 3 2.06954887985367436112163554526e-1
30 4 2.18019200978368642316681336389e-1
30 5 2.28579703615418021843687043908e-1
30 6 2.40570502492844224229956633678e-1
30 7 2.47235181122807124668718291513e-1
30 8 2.51601204343482381173042359970e-1
30 9 2.66452531241995755458757266533e-1
30 10 2.71252419670480802623201759421e-1
30 11 2.75818289929849724031060771324e-1
30 12 2.81807483440673337213719235567e-1
30 13 2.88979977181199221056843927791e-1
30 14 2.97404314858577598386101957825e-1
30 15 3.04308862430759776079472705238e-1
30 16 3.06824396628811458169020288334e-1
30 17 3.12741489048351457079429972308e-1
30 18 3.22467849798646548357283099219e-1
30 19 3.24732914515253619284277040709e-1
30 20 3.33905779440698787620666711414e-1
30 21 3.38486270734258390508512365712e-1
30 22 3.47079682077659300637520215091e-1
30 23 3.51971518398161588203922119294e-1
30 24 3.62629932763184616509045587344e-1
30 25 3.68351673613670205740481572409e-1
30 26 3.78473442168593076439999757300e-1
30 27 3.92932215309845302521023201200e-1
30 28 4.01730260201721706654933656401e-1
30 29 4.04889632458697464713734971906e-1
30 30 1.00000000000000000000000000000e0
31 1 1.67751684392406801975565451946e-1
31 2 1.89285545047199876035734126662e-1
31 3 2.05242378118479335183523908949e-1
31 4 2.17094957753704343709217749577e-1
31 5 2.26982313254876694420787778585e-1
31 6 2.37312026143260693918451641298e-1
31 7 2.45043840582959748187844346254e-1
31 8 2.50789931963766618783940723869e-1
31 9 2.63943377060334781784939967910e-1
31 10 2.66386109422606449116587011870e-1
31 11 2.73287520952492587876275413147e-1
31 12 2.79965599234005660392162377945e-1
31 13 2.85361228290735372774327938007e-1
31 14 2.90055242508349183818207074427e-1
31 15 2.97622967384243494406803408353e-1
31 16 3.06965955672178424141970103788e-1
31 17 3.11265499644402320165281040697e-1
31 18 3.14133262200545808385074128293e-1
31 19 3.23946207139362773817493368703e-1
31 20 3.27209419181478823390847852604e-1
31 21 3.34839321385382599787305715033e-1
31 22 3.40427673399097068040113825645e-1
31 23 3.47885129545717876892491154990e-1
31 24 3.53272782728373966531919662940e-1
31 25 3.63658857136069229650293753635e-1
31 26 3.69107519447657456090211573305e-1
31 27 3.79418737348600533777716368714e-1
31 28 3.93453868226659475304027833256e-1
31 29 4.01886416765822581579528018875e-1
31 30 4.04906554972228109522374149247e-1
31 31 1.00000000000000000000000000000e0
32 1 1.66381577671211491558726048340e-1
32 2 1.87717576990602631655837723750e-1
32 3 2.03223364084420200035383317207e-1
32 4 2.15710026039300238773803747543e-1
32 5 2.26248659364796694039588812092e-1
32 6 2.34102562428775453654445938646e-1
32 7 2.44165740086683092273524759374e-1
32 8 2.49804825514327284262906675485e-1
32 9 2.57397617509213467138052883295e-1
32 10 2.63474601925768634337667454963e-1
32 11 2.72951139976348896351165836225e-1
32 12 2.80171405982068718124076088686e-1
32 13 2.86434011048691272637284058953e-1
32 14 2.91773693913354589217778439311e-1
32 15 2.94968446803475227106131694998e-1
32 16 2.98683887625168260508389322938e-1
32 17 3.06790379967655981962596126715e-1
32 18 3.14457140116853116014497466848e-1
32 19 3.16757709304552199791733231192e-1
32 20 3.24747848318798462953773369097e-1
32 21 3.29741342153389274412101896051e-1
32 22 3.35747792886139610913296537179e-1
32 23 3.42189762886509569506889615285e-1
32 24 3.48634159291074512769034242993e-1
32 25 3.54556346734771618772700351060e-1
32 26 3.64531048526296462244436724018e-1
32 27 3.69835168969555220337570253970e-1
32 28 3.80324124515306345663815222069e-1
32 29 3.93940303225751613800740992329e-1
32 30 4.02031217204931017638883913423e-1
32 31 4.04922248065430363150000583361e-1
32 32 1.00000000000000000000000000000e0
33 1 1.65065654178753946521442422389e-1
33 2 1.86358594823072447365290219563e-1
33 3 2.01076783158041209252072986179e-1
33 4 2.13997996960363950120043881503e-1
33 5 2.24853217949166410782066595727e-1
33 6 2.32459896445644273993985372837e-1
33 7 2.42258158594602166028025519489e-1
33 8 2.47379104475893508586965709498e-1
33 9 2.52337692094358475787924662681e-1
33 10 2.64232536925083845120806163016e-1
33 11 2.71647155059794047045135876583e-1
33 12 2.75817385234569830378949817917e-1
33 13 2.80894684102442219567227770927e-1
33 14 2.87354560639030955936795412490e-1
33 15 2.94476547012199583836640220219e-1
33 16 3.00519128179272383880652773278e-1
33 17 3.02643345681611562724249174421e-1
33 18 3.07620206681658765434041527137e-1
33 19 3.16547859470647991967916877608e-1
33 20 3.19251148486012416686221019413e-1
33 21 3.25432624905755409612584556636e-1
33 22 3.32254012199489913509695075550e-1
33 23 3.36532574252244087995125807057e-1
33 24 3.43839449210123955627919281075e-1
33 25 3.49415387291085563950374839447e-1
33 26 3.55804003018816284026298246977e-1
33 27 3.65292918956991497824809757263e-1
33 28 3.70547626391035904720681632638e-1
33 29 3.81187230973869555474037439610e-1
33 30 3.94396453176046812897541703397e-1
33 31 4.02166029312494488773385925364e-1
33 32 4.04936835525865484098712443439e-1
33 33 1.00000000000000000000000000000e0
34 1 1.63800175444145327414935004268e-1
34 2 1.85149026110981334844289660912e-1
34 3 1.99155801706477378710102574659e-1
34 4 2.12334091096340857913570410483e-1
34 5 2.22209808127084565388443290600e-1
34 6 2.31719368512070062362991917098e-1
34 7 2.38792950190261112339329410786e-1
34 8 2.46085028350354406029746093161e-1
34 9 2.50664703295262252285454287095e-1
34 10 2.64343781831601532072680585751e-1
34 11 2.66854392250219221343648968077e-1
34 12 2.71338694253212590921202076085e-1
34 13 2.77032037013660478325754100727e-1
34 14 2.82217259087528227368200548596e-1
34 15 2.87303257008913361330112324376e-1
34 16 2.94211193398005387634629039339e-1
34 17 3.02548243553717362797209827746e-1
34 18 3.06555678356714430668685707990e-1
34 19 3.09016376521872416084092724318e-1
34 20 3.17802537321165844512105865807e-1
34 21 3.21898264872808620427741875034e-1
34 22 3.26412345948113060371363287105e-1
34 23 3.34193605527417509377291843801e-1
34 24 3.37382296143525202955898566719e-1
34 25 3.45382888795415232525962315026e-1
34 26 3.50237766675874495529571955027e-1
34 27 3.57031468451245218071203539043e-1
34 28 3.65987808958258893652039566679e-1
34 29 3.71239666213556789665986256485e-1
34 30 3.82006348456941592534710892538e-1
34 31 3.94824069327070878079032774600e-1
34 32 4.02291706968437531964180951278e-1
34 33 4.04950425408051148816309470563e-1
34 34 1.00000000000000000000000000000e0
35 1 1.62581764458902420953524009715e-1
35 2 1.84011458351851636405824461960e-1
35 3 1.97629848751170071550260525047e-1
35 4 2.10769682555142702481215918202e-1
35 5 2.19274605994432093935875116760e-1
35 6 2.30203533813031031033083583472e-1
35 7 2.36440615404790598003156906679e-1
35 8 2.45639707790590607712319442993e-1
35 9 2.49154890751856440397947184624e-1
35 10 2.59498829918211730999541525857e-1
35 11 2.61795327174868226419539528448e-1
35 12 2.69680091348730311309682074238e-1
35 13 2.76970503787395289310101695169e-1
35 14 2.83017811288658764819213115018e-1
35 15 2.87927795154672028737709798747e-1
35 16 2.90929138385306000396194034274e-1
35 17 2.95319139911951284656447805323e-1
35 18 3.02996473849827027231744432621e-1
35 19 3.10240367411532878782609450377e-1
35 20 3.11421897689503274741712544452e-1
35 21 3.18189627295437229886904662283e-1
35 22 3.24501496808876779295475216512e-1
35 23 3.27599157636070714019605750815e-1
35 24 3.35735735864794458209879386923e-1
35 25 3.38384759829521201411259391985e-1
35 26 3.46787548400318794927773622641e-1
35 27 3.51038133329132120242358009986e-1
35 28 3.58258249095729663551474285598e-1
35 29 3.66642642533117259641156444230e-1
35 30 3.71921979449707025991836319711e-1
35 31 3.82786497349408797357633863975e-1
35 32 3.95224787897622926226453543632e-1
35 33 4.02408752151533165711291874956e-1
35 34 4.04963112425113080735651326093e-1
35 35 1.00000000000000000000000000000e0
36 1 1.61407361299996740614241571838e-1
36 2 1.82862459995261684887745878257e-1
36 3 1.96496268746099567823787454394e-1
36 4 2.09294464839500182960002130293e-1
36 5 2.17005382240259527810380307425e-1
36 6 2.27276033526285630291949982222e-1
36 7 2.35573670663794820164070346579e-1
36 8 2.43340513849288897123656833509e-1
36 9 2.47071602791551564806442761642e-1
36 10 2.54043269264205806045005788339e-1
36 11 2.61572613615197548049529740767e-1
36 12 2.70478917771540959796064213719e-1
36 13 2.75695665984768521611522927361e-1
36 14 2.80348882910374222251124389230e-1
36 15 2.85949595544316471777760177307e-1
36 16 2.91801567165998255848542321691e-1
36 17 2.96481011097337790124520385276e-1
36 18 2.98337548724209020552606033999e-1
36 19 3.02865761527629659514364980869e-1
36 20 3.11944013661175564724111940567e-1
36 21 3.14825259969589778312222923345e-1
36 22 3.18588249121079968032771439357e-1
36 23 3.26937132089089113278938955393e-1
36 24 3.28745492623034516432805538609e-1
36 25 3.37095370681784315668198395090e-1
36 26 3.39639678578178280148444812817e-1
36 27 3.48192175944817007641634135917e-1
36 28 3.51848002558145427398340290657e-1
36 29 3.59466577298526897957231360685e-1
36 30 3.67255548234473269321049797473e-1
36 31 3.72599754599972816336001287902e-1
36 32 3.83533128352345127864202924460e-1
36 33 3.95601564576601850257452679737e-1
36 34 4.02517704855307092453033854194e-1
36 35 4.04974979920553850051782486023e-1
36 36 1.00000000000000000000000000000e0
37 1 1.60274185293327407406240422160e-1
37 2 1.81622316264943954689513295913e-1
37 3 1.95618837905444975725700964140e-1
37 4 2.07707438691239601184025777435e-1
37 5 2.15578654397460789525192605966e-1
37 6 2.24503913878367230763421146493e-1
37 7 2.34658297880352375404514854403e-1
37 8 2.40182395831283631141890455117e-1
37 9 2.46550010680491655534234251583e-1
37 10 2.51307436811693522106972410109e-1
37 11 2.62979171364908773081177360241e-1
37 12 2.68015686388521301398845864103e-1
37 13 2.70951594350163315732318242777e-1
37 14 2.75461526446771748635972101835e-1
37 15 2.80231814889121867852976960809e-1
37 16 2.85450706453787354062835732967e-1
37 17 2.91731631303841016911403515638e-1
37 18 2.99439917876898230271205708404e-1
37 19 3.02977636605548258116995151110e-1
37 20 3.04754083641605540063292201268e-1
37 21 3.12031064868979212394456672352e-1
37 22 3.17789034375237207459271376590e-1
37 23 3.19773810029909997244572467424e-1
37 24 3.28477560078771645247471642447e-1
37 25 3.30113239632460563352207060894e-1
37 26 3.38385536147892756202460074679e-1
37 27 3.41032131729743991709480538561e-1
37 28 3.49484472133465873478928834965e-1
37 29 3.52721745011935064495941725796e-1
37 30 3.60604626203165538795938157842e-1
37 31 3.67836058715672807673905759049e-1
37 32 3.73261549405818733746540511040e-1
37 33 3.84246833708077280283793406508e-1
37 34 3.95954666161894895664178850345e-1
37 35 4.02619641474554531091488059968e-1
37 36 4.04986101503211890645717998005e-1
37 37 1.00000000000000000000000000000e0
38 1 1.59179702601511480274391059567e-1
38 2 1.80258012606143063995947249289e-1
38 3 1.94777728966924567773722853479e-1
38 4 2.05752778529362636071293774014e-1
38 5 2.14481478086172815493042121051e-1
38 6 2.22935872575587955270563492166e-1
38 7 2.32110199455866674909530011642e-1
38 8 2.38597815906715951367316253120e-1
38 9 2.46483174545323596357878191768e-1
38 10 2.48766476567473463654478862443e-1
38 11 2.60633328018519198380413702240e-1
38 12 2.61742930353916569958193196353e-1
38 13 2.67095084683049906174697051772e-1
38 14 2.73717693863837577011049535938e-1
38 15 2.79571421756797352733169072293e-1
38 16 2.84384691303637587200503220005e-1
38 17 2.87820359994948292128804786696e-1
38 18 2.92285197197324708065001007004e-1
38 19 2.99255504553606222373027288706e-1
38 20 3.06213914537780627457651282555e-1
38 21 3.07640953718135333232616849466e-1
38 22 3.12531679904634755256931464765e-1
38 23 3.19941682579777578438352944582e-1
38 24 3.21527812565592773771245836421e-1
38 25 3.29485930104163833182590826462e-1
38 26 3.31821843093886466414672616638e-1
38 27 3.39363824797986178059865125825e-1
38 28 3.42403455866865475119965429675e-1
38 29 3.50606067496927580518345360759e-1
38 30 3.53613422935175913040535202867e-1
38 31 3.61682810911112119864886447412e-1
38 32 3.68383697316302326402169799461e-1
38 33 3.73909048674564727935500588109e-1
38 34 3.84928798242787361059086788383e-1
38 35 3.96286310167883132293533268046e-1
38 36 4.02715408106988612887199232037e-1
38 37 4.04927326145043117251438123560e-1
38 38 1.00000000000000000000000000000e0
39 1 1.58121598334927486670924544787e-1
39 2 1.78847031952647803813345424906e-1
39 3 1.93721610101506036129241534786e-1
39 4 2.03708345592319590745039884660e-1
39 5 2.13217319273863038818567336835e-1
39 6 2.22234426359448702724291488471e-1
39 7 2.29301849067956453103035724677e-1
39 8 2.37979682549636565433807202481e-1
39 9 2.44067008097098489433331786410e-1
39 10 2.46589382114507538893462364765e-1
39 11 2.56243116753512829545393452608e-1
39 12 2.59596513896863699360591041776e-1
39 13 2.68057824085231670298681709733e-1
39 14 2.74350489797149768081409665152e-1
39 15 2.79189847397279998769652271856e-1
39 16 2.84075170326167843987295164136e-1
39 17 2.88961848682958547247374198526e-1
39 18 2.92594088520093749511818938528e-1
39 19 2.95019836927042683683694688343e-1
39 20 2.99493511312815776070019917705e-1
39 21 3.07639299538008132697338192628e-1
39 22 3.10726480221866757617101742745e-1
39 23 3.13459539922876713094200767016e-1
39 24 3.21767182124547954947518867944e-1
39 25 3.23387560807403788618010275716e-1
39 26 3.30166404503366567441691684845e-1
39 27 3.33559040658673807764571378025e-1
39 28 3.40146368460504657844355155724e-1
39 29 3.43759502176329277763723200945e-1
39 30 3.51535534026006658557253245837e-1
39 31 3.54536913319281550042111037961e-1
39 32 3.62689874223067148730063877124e-1
39 33 3.68915570146470019322438132924e-1
39 34 3.74543750744125583457229920061e-1
39 35 3.85576493239837532097278562829e-1
39 36 3.96597565890755448638337835836e-1
39 37 4.02805552205252254963160758251e-1
39 38 4.05006360649515176470703074324e-1
39 39 1.0000000000000000000000000000e0
40 1 1.57097752454066939804045437364e-1
40 2 1.77465964484950216970362250121e-1
40 3 1.92303099819179656263907924220e-1
40 4 2.02004868457590092709519941522e-1
40 5 2.12141618999412539202118352186e-1
40 6 2.21228823954219002489341763438e-1
40 7 2.27700579844235788955584348965e-1
40 8 2.36365216957506971550757053471e-1
40 9 2.41431804438901328878245511221e-1
40 10 2.46526991965778294627945510728e-1
40 11 2.52860778139304062067619822660e-1
40 12 2.60712831921814277868917395847e-1
40 13 2.68328449992393044726087259533e-1
40 14 2.71538817123577538531752495062e-1
40 15 2.75119781712561023387223663250e-1
40 16 2.79343500576942897953717880053e-1
40 17 2.84283252626753899411625535838e-1
40 18 2.89978083132154029217009494069e-1
40 19 2.96370505198990615294023365694e-1
40 20 2.99303144597427514402052783567e-1
40 21 3.00955069551223731542717890929e-1
40 22 3.07811619645143107009842800246e-1
40 23 3.13876423369974048107137244519e-1
40 24 3.14652440637280921610546938082e-1
40 25 3.22708658593980422553373253034e-1
40 26 3.25283321979974375993895066361e-1
40 27 3.30667885115892133755496358045e-1
40 28 3.35429461288507382728426549335e-1
40 29 3.40824961779059408446052440404e-1
40 30 3.45091123415392732660308651797e-1
40 31 3.52257889365082652628850498646e-1
40 32 3.55457011576523525364143431386e-1
40 33 3.63638944535113909187525787820e-1
40 34 3.69445470645412475891762992722e-1
40 35 3.75157957457230056269283166371e-1
40 36 3.86192759341407919229551719358e-1
40 37 1.34840334873526767193846795363e-1
40 38 4.02534224311257444473755343476e-1
40 39 4.04994554275815640658861696347e-1
40 40 1.0000000000000000000000000000e0
41 1 1.56106218865162197583252082496e-1
41 2 1.76166640378280801831397745880e-1
41 3 1.90690858422363562421661669587e-1
41 4 2.00789021012155097808056842629e-1
41 5 2.11361513983219833069858440712e-1
41 6 2.19648790327322228117955580237e-1
41 7 2.27098477464407360135883238907e-1
41 8 2.33463438621821956772374353984e-1
41 9 2.40430138420790911082397235635e-1
41 10 2.46730907214051031691034351953e-1
41 11 2.49066540777554118211892222762e-1
41 12 2.60037218966176796778531758426e-1
41 13 2.62896464672849469354219049059e-1
41 14 2.65870993915212378819948373844e-1
41 15 2.71185369849594268139566028789e-1
41 16 2.76612498490785163809980537450e-1
41 17 2.81471899698050129401857839636e-1
41 18 2.85383134036017431649786007875e-1
41 19 2.89693082173480164590297258470e-1
41 20 2.96592186207214579606595437663e-1
41 21 3.02808855781074840726108515063e-1
41 22 3.04003094465896099066441782658e-1
41 23 3.07663765416290561490925163434e-1
41 24 3.16054559443256762141953071570e-1
41 25 3.16882046839806754567524826687e-1
41 26 3.23197398917805192531516743761e-1
41 27 3.27230160584563043793696344685e-1
41 28 3.31411672763419448848252926577e-1
41 29 3.37190344285349367657877312232e-1
41 30 3.41443575800013588474697322438e-1
41 31 3.46346544393061533663633977096e-1
41 32 3.52886368303139396415877515410e-1
41 33 3.56330995175112761679671336403e-1
41 34 3.64518184413834158941240954355e-1
41 35 3.70111765620591805169670534949e-1
41 36 3.75749374098019396309772540359e-1
41 37 3.86779869706860459800068586185e-1
41 38 1.35084558959074614496951173080e-1
41 39 4.03285738646440348811409360915e-1
41 40 4.04496646429936499922729078267e-1
41 41 1.00000000000000000000000000000e0
42 1 1.55145207217781370333049955707e-1
42 2 1.74977633600320946514790661216e-1
42 3 1.89103857304441833902455639685e-1
42 4 1.99946686403908322417035376101e-1
42 5 2.10574714445722427546289324154e-1
42 6 2.17774055378625576621711345784e-1
42 7 2.26105289624683301622516518775e-1
42 8 2.31425334277477443919594650128e-1
42 9 2.39794602305437205628533852632e-1
42 10 2.44446679783657841556265729877e-1
42 11 2.46327274948476337250732878306e-1
42 12 2.57917597518904305262673051593e-1
42 13 2.59006022377976606983022166396e-1
42 14 2.65396615444967919542875820150e-1
42 15 2.71928055191511110609207648017e-1
42 16 2.77053423656637693762442199206e-1
42 17 2.81561152198239523392194739028e-1
42 18 2.85920752681836043674042191471e-1
42 19 2.89331152730018640092250123260e-1
42 20 2.92246879989340266075212428913e-1
42 21 2.96435278638510456712756166545e-1
42 22 3.04053463050349172502001300112e-1
42 23 3.07690247354986756794539090992e-1
42 24 3.08908923287704512900392970880e-1
42 25 3.16701056697025269612906912637e-1
42 26 3.19432840275464772094879814784e-1
42 27 3.23366895220870278210314485473e-1
42 28 3.29321171438417002456836915289e-1
42 29 3.32206275863846988641833453620e-1
42 30 3.38706787242728852709715345122e-1
42 31 3.42005397961502327205541846584e-1
42 32 3.47517603876651456791307276852e-1
42 33 3.53612483081702666579060410459e-1
42 34 3.57156718753080873113207657740e-1
42 35 3.64687469854164790133349547549e-1
42 36 3.70471779614625064892986009242e-1
42 37 3.76504614507391262160738494828e-1
42 38 1.01436843114555679201349236630e-1
42 39 3.97863952518721621504751718444e-1
42 40 4.05243795878399694658160251054e-1
42 41 3.64749185953912579618849054791e-1
42 42 1.0000000000000000000000000000e0
43 1 1.54213066998653429410850467128e-1
43 2 1.73906945027441136112196228442e-1
43 3 1.87681850147672465702766019967e-1
43 4 1.99175627501892200811026444445e-1
43 5 2.09498084800222714539385365697e-1
43 6 2.15848148979661142447100670914e-1
43 7 2.24190869763523927176387667977e-1
43 8 2.30824524310138120442654890222e-1
43 9 2.37499804455621455040118107991e-1
43 10 2.42467722540700625318474800093e-1
43 11 2.46258053738708463276296955099e-1
43 12 2.55015085391729841374936387521e-1
43 13 2.58649891891714590164095254079e-1
43 14 2.67001558342814599570964038341e-1
43 15 2.71888560822810186106348143398e-1
43 16 2.75376101609860295653771119703e-1
43 17 2.79126053858768930589213679709e-1
43 18 2.83487392648936251049032811268e-1
43 19 2.88425988793282232431496152573e-1
43 20 2.93058568105298019342124516029e-1
43 21 2.95926823663626014636714684341e-1
43 22 2.97801171595743704685104934042e-1
43 23 3.03733904273012084926818442537e-1
43 24 3.10257704728172158088397594649e-1
43 25 3.10988981134469777767908147709e-1
43 26 3.16945036227348868874618118157e-1
43 27 3.21743627465740759186239826850e-1
43 28 3.23916894364921296423941020678e-1
43 29 3.31202744619503376959297503439e-1
43 30 3.33000790719587139768577503168e-1
43 31 3.40955909764448507761358507412e-1
43 32 3.42571843154974968767589388208e-1
43 33 3.49162789782370548838311876313e-1
43 34 3.53919631281268901625963427422e-1
43 35 3.58100219022597080540159719957e-1
43 36 3.66153123150955002600193944395e-1
43 37 3.71315517496863423954600957544e-1
43 38 3.77099525560113300255041265367e-1
43 39 3.89157067253700509028461659706e-1
43 40 3.99286979222976537028768717123e-1
43 41 4.03135732149961389874348246790e-1
43 42 4.05771978812103048809358938387e-1
43 43 1.0000000000000000000000000000e0
44 1 1.53308273584998129851403466400e-1
44 2 1.72945488379902063398968893950e-1
44 3 1.86474924116062126288204538174e-1
44 4 1.98087293539505480585512586847e-1
44 5 2.07848810669236261935751301765e-1
44 6 2.14177013986422704950225457408e-1
44 7 2.21976160351412207764588774988e-1
44 8 2.30213236413492682833855114880e-1
44 9 2.34802641182234925312677627077e-1
44 10 2.41951164360036370189390245784e-1
44 11 2.46486335168161620902885998651e-1
44 12 2.50248380766777158012729648202e-1
44 13 2.58237651040415475043231886571e-1
44 14 2.64092369874284060989817327889e-1
44 15 2.66055034176097580497880897819e-1
44 16 2.69872556923085506215517261147e-1
44 17 2.74605908255236613574585740891e-1
44 18 2.79394627464361599630225654310e-1
44 19 2.83594338796969826966385318823e-1
44 20 2.87984154501484164378766906873e-1
44 21 2.94542841060146948999187609490e-1
44 22 2.99653692420320515343856301288e-1
44 23 3.01015985228138590616046269355e-1
44 24 3.04186512171264915292270410714e-1
44 25 3.11817824892858899601056943952e-1
44 26 3.13342654884135270420292178403e-1
44 27 3.17470234201400434768201841889e-1
44 28 3.23586561061908247340201297658e-1
44 29 3.25002628675931121589115661060e-1
44 30 3.32616157658171346481369218737e-1
44 31 3.33805893198094767412231209805e-1
44 32 3.40996051658034448502698648373e-1
44 33 1.10987471522199212946512274640e-1
44 34 3.49726253460675335411900417661e-1
44 35 3.54706170938523245445578728277e-1
44 36 3.58923459322680567567677929542e-1
44 37 3.69230734989959781682209215300e-1
44 38 3.72621120935127460290790807932e-1
44 39 3.78125700947511452631867737418e-1
44 40 1.01363588302111038260004876280e-1
44 41 3.99155046872492168820017048336e-1
44 42 4.02859406058446713787963820914e-1
44 43 3.59831111486720181816137131400e-1
44 44 1.00000000000000000000000000000e0
45 1 1.52429415976596805193979235933e-1
45 2 1.72071024102209420601000378036e-1
45 3 1.85457595134553199639354090466e-1
45 4 1.96550349398614335703080001020e-1
45 5 2.05843880866477027608194518790e-1
45 6 2.12537536600545581443537528344e-1
45 7 2.20314923290649918220432210832e-1
45 8 2.28312748946496923758402356109e-1
45 9 2.33632751018734826910479249295e-1
45 10 2.41061005935653107912095431043e-1
45 11 2.44458120451137253290836799974e-1
45 12 2.46668106956852278245848247382e-1
45 13 2.58058728770756177180018432177e-1
45 14 2.59816605319364541227010514640e-1
45 15 2.63507795079999677206669971879e-1
45 16 2.69223801197221528499504709733e-1
45 17 2.74343564483053514857508620983e-1
45 18 2.78704885996616017575345624905e-1
45 19 2.82834168041991956630702509824e-1
45 20 2.86418245809189880967260251423e-1
45 21 2.89420590921407763025630508644e-1
45 22 2.93879783368116181420212224448e-1
45 23 3.00788796970439483759344690629e-1
45 24 3.04304739570374909344117849206e-1
45 25 3.05192033867840361994157823531e-1
45 26 3.12264512417551556336169991576e-1
45 27 3.15971560686225253618819412689e-1
45 28 3.17967480695052457422200525798e-1
45 29 3.25317453414302348319041320567e-1
45 30 3.26244867811418293404755358828e-1
45 31 3.33617609010403674702916026633e-1
45 32 3.36306058101323986510609597167e-1
45 33 1.03551659845993015649541859703e-1
45 34 3.43751571942058297281248609820e-1
45 35 1.21896328782271483974095677013e-1
45 36 3.54945285055970296062476363308e-1
45 37 3.59294491933745535506743387228e-1
45 38 3.68094293148015972058261975732e-1
45 39 3.71745723943500018440296543484e-1
45 40 3.78128262716402524036292368980e-1
45 41 1.01395272467747220366029871996e-1
45 42 1.34901228766998385842427736264e-1
45 43 4.03052040471999264971593170567e-1
45 44 4.04343111060073834078089766247e-1
45 45 1.00000000000000000000000000000e0
46 1 1.51575185971456214812422383793e-1
46 2 1.71252225695479454792945337183e-1
46 3 1.84549096062204639581727986245e-1
46 4 1.94933386929964594797298110956e-1
46 5 2.04090301688955480792879182424e-1
46 6 2.11098391715195493351839736453e-1
46 7 2.19196904386549823878381959515e-1
46 8 2.25937150100597131857520706284e-1
46 9 2.33404780709234167863121061977e-1
46 10 2.38427042006208629848419918191e-1
46 11 2.43201144098853148724533485593e-1
46 12 2.46106186653543956644535605695e-1
46 13 2.56958604188117383608969680650e-1
46 14 2.57647590575899471556008125477e-1
46 15 2.64713829377989152685360145555e-1
46 16 2.70899717070862642979533635000e-1
46 17 2.75160401015069698349170445432e-1
46 18 2.78797678027748566080852480373e-1
46 19 2.82563503246761434505665044338e-1
46 20 2.86571214547560196795884622957e-1
46 21 2.90014649440507324380653014003e-1
46 22 2.93226478408706446233206201035e-1
46 23 2.95288206641197179569854581560e-1
46 24 3.00817176174993256978237304972e-1
46 25 3.07266586670039573576199002268e-1
46 26 3.07606933410302518025548349887e-1
46 27 3.12097868913204593740090209311e-1
46 28 3.18524698793509354398518465428e-1
46 29 3.18859995219849452256923170762e-1
46 30 3.26819494376816146714629453828e-1
46 31 3.29835556319362487899203073228e-1
46 32 3.18704093828028572068428312172e-1
46 33 3.36391664745266567070322661478e-1
46 34 3.43046400182913144600691307300e-1
46 35 3.98218174932246266655966739530e-1
46 36 1.21667275738683191082140628712e-1
46 37 3.55611948155856115006172229742e-1
46 38 3.60888439498085657929668611430e-1
46 39 3.68641656932628212497690841042e-1
46 40 3.72303176715895851705266354679e-1
46 41 2.33293086798339126233111377241e-1
46 42 3.89437829660890692895518573578e-1
46 43 3.97954199437871746915790586600e-1
46 44 4.03769771760132953145861484772e-1
46 45 2.37654523673162300376611910115e-1
46 46 1.0000000000000000000000000000e0
47 1 1.50744368587285599177134306005e-1
47 2 1.70452613657666987213502015291e-1
47 3 1.83636363371133811448483348453e-1
47 4 1.93542727606479328397581974540e-1
47 5 2.02861064211362597371687337882e-1
47 6 2.10327435824589549032920449438e-1
47 7 2.18049846794017666253802440863e-1
47 8 2.24332797847835431241335438497e-1
47 9 2.31963063223060368023559951263e-1
47 10 2.36243974206769173241197617108e-1
47 11 2.43110213073620098681700310232e-1
47 12 2.45982286126087763909183187070e-1
47 13 2.52125141875666197383999275673e-1
47 14 2.56191361501005746973575901256e-1
47 15 2.63929457552447104467234415749e-1
47 16 2.66983354557141968600181707134e-1
47 17 2.69788851535528619240967907753e-1
47 18 2.73732333560933930365723071450e-1
47 19 2.78220804799733616660622020276e-1
47 20 2.82536732505733461593418657842e-1
47 21 2.86978448672007372202348734774e-1
47 22 2.92287627234589496924604686294e-1
47 23 2.96299796721456175649630188877e-1
47 24 2.97898358793834748521194170878e-1
47 25 3.00675333500607937326660225119e-1
47 26 3.08042077064399368670454646230e-1
47 27 3.10546651657428361821339947027e-1
47 28 3.12463755570329059337802847240e-1
47 29 3.20092544254647237785320058097e-1
47 30 1.20293605875313840459139286261e-1
47 31 1.25643321955963838078774410984e-1
47 32 3.31414464027223828011194961971e-1
47 33 3.35248102263171297743655984332e-1
47 34 3.38049864471928366231374000141e-1
47 35 3.41359907889628458717326421897e-1
47 36 3.45666315044120516906187152666e-1
47 37 3.53060657025653269743467645325e-1
47 38 3.56162606315264759746828814347e-1
47 39 3.61661588756877706873056458643e-1
47 40 3.69158607323500138527972613085e-1
47 41 3.73293126721054031448182263737e-1
47 42 3.78690129449660656704204323059e-1
47 43 1.01343082211619924777511778791e-1
47 44 3.98684209595218867970051130268e-1
47 45 4.03503917530115033727332878010e-1
47 46 4.05449372780612668224939085349e-1
47 47 1.00000000000000000000000000001e0
48 1 1.49935833561763137222904976001e-1
48 2 1.69634148518213531473661609985e-1
48 3 1.82607788084102844583150469239e-1
48 4 1.92510906784654072409767056889e-1
48 5 2.02063737837706555694205926588e-1
48 6 2.10118640945542202415413675567e-1
48 7 2.17122237120677650696240862216e-1
48 8 2.23523490526679515431289504114e-1
48 9 2.29575168419731142753784786011e-1
48 10 2.35721970947587074262938146274e-1
48 11 2.41931785127671051595029068274e-1
48 12 2.44147538869189181675666758738e-1
48 13 2.47822632498235876845058309016e-1
48 14 2.56810894421087714963777625264e-1
48 15 2.61296944952618896019523617401e-1
48 16 2.62959201104350074359297743863e-1
48 17 2.67117468272730670443602791686e-1
48 18 2.71749232231531483934085138564e-1
48 19 2.75958449646600368285243217788e-1
48 20 2.79990852462729995317254345900e-1
48 21 2.83945360754804110323532082279e-1
48 22 2.87257335249964854440358189276e-1
48 23 2.92254362850126330106471520782e-1
48 24 2.98322448628976669278624134049e-1
48 25 3.01715495211374632336286595425e-1
48 26 3.02400617643281442757004859802e-1
48 27 3.07998219975825243560905598875e-1
48 28 3.13080996862307918566082073962e-1
48 29 3.13737325545994629533621405071e-1
48 30 1.13552093523775020709584222857e-1
48 31 1.19972126843550564002552114119e-1
48 32 3.27750319142226883312280334641e-1
48 33 3.30560595090611176104233642642e-1
48 34 3.35863121367685769877506786721e-1
48 35 3.38720559632286209650533937605e-1
48 36 1.01390491843747832513930489138e-1
48 37 1.10813767120735136387351196215e-1
48 38 3.52575156085630345497002773786e-1
48 39 3.56782773151176438942273881541e-1
48 40 3.62239392112148605405755814768e-1
48 41 3.69408525487600968569661237885e-1
48 42 3.72573404926310502445569899451e-1
48 43 4.04283413406209924602746018009e-1
48 44 1.01342789789122852927472384547e-1
48 45 3.97957865989469013186156433688e-1
48 46 4.04131424132966126267100548469e-1
48 47 4.02925541163353836120753134296e-1
48 48 9.9999999999999999999999999983e-1
49 1 1.49148527789996214330805780387e-1
49 2 1.68760388669068073361912820287e-1
49 3 1.81500500404137489346065883098e-1
49 4 1.91807950182713176805821024146e-1
49 5 2.01331646934481630039163801010e-1
49 6 2.09885537025272878372794546604e-1
49 7 2.16368453075138987722449832423e-1
49 8 2.22613643896374009963265495306e-1
49 9 2.27856990800061759075335136174e-1
49 10 2.35133344984276547676977790522e-1
49 11 2.39294433770980922823578168458e-1
49 12 2.43566364749644368893147174988e-1
49 13 2.46443680444052997451265628389e-1
49 14 2.57623366368860800870200036657e-1
49 15 2.58021003882462066575315152490e-1
49 16 2.62539308905719760959875943321e-1
49 17 2.68807859022227087181565726760e-1
49 18 2.73772341066578797951873567277e-1
49 19 2.77603101418757145823524553930e-1
49 20 2.81034315564753256291773416401e-1
49 21 2.84274649209860436027393161418e-1
49 22 2.87176286103958084022092208665e-1
49 23 2.90285789540205533047414173932e-1
49 24 2.92677876696563981368711237504e-1
49 25 2.97910640304136246514392484295e-1
49 26 3.03795179595603251008747096631e-1
49 27 3.04821899253588566451208178916e-1
49 28 3.08670410358274850695636100212e-1
49 29 3.15019495558803114492096420319e-1
49 30 3.15633253526207793036488856060e-1
49 31 3.22001648541990365757822114736e-1
49 32 1.19907907649264857753484213027e-1
49 33 3.28788673523811081463464337270e-1
49 34 3.32386622297133786049426307398e-1
49 35 3.35523051189501820590446849317e-1
49 36 3.40145136936174614232058099281e-1
49 37 3.45201838491250094007908155107e-1
49 38 1.10821198424792462281824519958e-1
49 39 3.55426353097715145377217535944e-1
49 40 3.57662785384904823023181623884e-1
49 41 3.63419268595886049589519640665e-1
49 42 3.70490922559558472973856590488e-1
49 43 3.75373820534575257872201658859e-1
49 44 3.79512519851819333671845830472e-1
49 45 1.01343275534314365025653317590e-1
49 46 1.34871056971252293878440535897e-1
49 47 4.04562331351515416057997504578e-1
49 48 4.01163175124085767135824488260e-1
49 49 9.9999999999999999999999999892e-1
50 1 1.48381468578693759296151776764e-1
50 2 1.67819185225656121884517633447e-1
50 3 1.80429675054441461318786639310e-1
50 4 1.91276532399612536629056693294e-1
50 5 2.00188897833490183265723299384e-1
50 6 2.09094285978389238195081475596e-1
50 7 2.15219150586600536913468550911e-1
50 8 2.21586777835147745926965266787e-1
50 9 2.27197628023271315666887155297e-1
50 10 2.33038389589133561902532681212e-1
50 11 2.37684086082567731886361434418e-1
50 12 2.43850377690804602152173501075e-1
50 13 2.45561729831044335893019553750e-1
50 14 2.54056876427022898725592914837e-1
50 15 2.54823882827275437449853798727e-1
50 16 2.62357084030894380601803734411e-1
50 17 2.67387663652484678095401792772e-1
50 18 2.70367595707254868030928339433e-1
50 19 2.73762259530547463219020545582e-1
50 20 2.77839294663810171042325986496e-1
50 21 2.82034135359145266852628032938e-1
50 22 2.86159057599787827821061858781e-1
50 23 2.90010653539483298159399003891e-1
50 24 2.93602132647392159929211725183e-1
50 25 2.95587297670775292154395995740e-1
50 26 2.98312457870165379199747997939e-1
50 27 3.04902381855315767908992437203e-1
50 28 3.08038859180578565531205746160e-1
50 29 3.08654238384360808297218257757e-1
50 30 3.16633737666039627961206105930e-1
50 31 3.17486763924842812920146558473e-1
50 32 3.86586402423954395367362191276e-1
50 33 3.25133758742661826024995897954e-1
50 34 3.28323474949753466540587121400e-1
50 35 3.34867035119426848966015293127e-1
50 36 3.36701111013382401662452538662e-1
50 37 3.42532772627890457265175740107e-1
50 38 3.47725754083743585447648208983e-1
50 39 3.48449236871789311486143086774e-1
50 40 3.55140240401404862799921641260e-1
50 41 3.58075212899430243580285701402e-1
50 42 3.63938579149512332227859253792e-1
50 43 3.67280216782061337377208158136e-1
50 44 3.75242673020305044795797151472e-1
50 45 3.80769817152033421536561496558e-1
50 46 3.91528269621063889144932706143e-1
50 47 3.92848814389016411558578106696e-1
50 48 4.02797842463378900983809114856e-1
50 49 4.05412171972382143156038022362e-1
50 50 9.9999999999999999999999999705e-1
