1 1 1.00000000000000000000000000000e0
2 1 4.13398642353842279765877461506e-1
2 2 1.00000000000000000000000000000e0
3 1 3.86493785184738692767213476356e-1
3 2 4.07853829446973961956605193365e-1
3 3 1.00000000000000000000000000000e0
4 1 3.74510198825329283538756445412e-1
4 2 4.13703071252738689495414406147e-1
4 3 4.06391440054537443400950713441e-1
4 4 1.00000000000000000000000000000e0
5 1 3.68097203398691253293359098734e-1
5 2 3.88198720485676718741388543171e-1
5 3 4.07801327827562650191911218144e-1
5 4 4.05849012052352196277378406503e-1
5 5 1.00000000000000000000000000000e0
6 1 3.64253198986130260356422222802e-1
6 2 3.92707958520335524753147597793e-1
6 3 4.11685449639737790190861996077e-1
6 4 4.07688754910537646300850866361e-1
6 5 4.05605657158420302945176827677e-1
6 6 1.00000000000000000000000000000e0
7 1 3.61763054898476260482889393628e-1
7 2 3.81049299509336342180026618186e-1
7 3 3.88198636384493937294416533758e-1
7 4 4.09319869939346608052321105694e-1
7 5 4.06378677881960918260984357226e-1
7 6 4.05481945458553800607332525227e-1
7 7 1.00000000000000000000000000000e0
8 1 3.60055790938472536169552533993e-1
8 2 3.84357537279894404264954672074e-1
8 3 3.97400889476587987127966855261e-1
8 4 4.09908919793836613473581001377e-1
8 5 4.06514255168472154535166171915e-1
8 6 4.06229401446482830125679110296e-1
8 7 4.05413168488408106957010717200e-1
8 8 1.00000000000000000000000000000e0
9 1 3.58833400241622569841497042605e-1
9 2 3.77719390507571279885199465112e-1
9 3 3.91287163090181100176807058352e-1
9 4 3.88029679509725948482251341009e-1
9 5 4.09540520247541991604999408871e-1
9 6 4.07130636327087374286741014936e-1
9 7 4.05799136940428066330464053844e-1
9 8 4.05372255059407733372030812873e-1
9 9 1.00000000000000000000000000000e0
10 1 3.57927653297198858761210285663e-1
10 2 3.80184679575642794968141620127e-1
10 3 3.85224166058002662248160300213e-1
10 4 4.00173194331998542141386315157e-1
10 5 4.08274195186026692315759183625e-1
10 6 4.08120760657223853882713500061e-1
10 7 4.06667006629177646236079533134e-1
10 8 4.05734385286102383378099072128e-1
10 9 4.05346587566893552468086456926e-1
10 10 1.00000000000000000000000000000e0
11 1 3.57237603817406254443168092882e-1
11 2 3.75907755379980132954256301805e-1
11 3 3.91571656361120786642958160477e-1
11 4 3.96256420191930178210205710987e-1
11 5 3.87904772280272019850677112602e-1
11 6 4.08941673339749692530545171521e-1
11 7 4.05882181800940292752754542568e-1
11 8 4.05930233430889855771050890150e-1
11 9 4.05556427236704992057970743848e-1
11 10 4.05329777367725216790350510623e-1
11 11 1.00000000000000000000000000000e0
12 1 3.56699639192664888682016388366e-1
12 2 3.77797543506605297694421985640e-1
12 3 3.84365840642442950531940012060e-1
12 4 3.92010382739825462087562132430e-1
12 5 4.01949336606751614447415279359e-1
12 6 4.06983210321375642995442358352e-1
12 7 4.08085342781857106057615972417e-1
12 8 4.06760411722020894581682066303e-1
12 9 4.05987451361148368470482021762e-1
12 10 4.05527410352897432118038478815e-1
12 11 4.05318369719054899820657343191e-1
12 12 1.00000000000000000000000000000e0
13 1 3.56272028635212647889467156862e-1
13 2 3.74814775260407476695297635259e-1
13 3 3.84992551159071131459032015046e-1
13 4 3.88599811743140178385376231161e-1
13 5 3.98649388541663927369511655648e-1
13 6 3.87845161768186474991088512928e-1
13 7 4.08403676413125044278482274330e-1
13 8 4.07526494008887315840595501000e-1
13 9 4.06555037538004338582475610888e-1
13 10 4.05862872003983913984382539793e-1
13 11 4.05441842337740696252078362496e-1
13 12 4.05310393348375285469479572086e-1
13 13 1.00000000000000000000000000000e0
14 1 3.55926459636559041468836588644e-1
14 2 3.76303082305704640613497047960e-1
14 3 3.86805407781258165975256940119e-1
14 4 3.95882537563796725163438813262e-1
14 5 3.95346038182502457915636429754e-1
14 6 4.03283301869524661249197310403e-1
14 7 4.05898053391126572564339059837e-1
14 8 4.08273837268698304913591446443e-1
14 9 4.05503811679250585408449163333e-1
14 10 4.06293119828840530944757742844e-1
14 11 4.05602597275147802548218758232e-1
14 12 4.05427858711204335354927783862e-1
14 13 4.05304671960990922569008141734e-1
14 14 1.00000000000000000000000000000e0
15 1 3.55643166518951676424194145521e-1
15 2 3.74105125199762888942074901821e-1
15 3 3.82166707662309616367061072108e-1
15 4 3.88046109217218101687350465678e-1
15 5 3.92656630343230616771079965421e-1
15 6 3.99917886843281452569583303509e-1
15 7 3.87839007708427335897523207808e-1
15 8 4.07941429399581298810804566128e-1
15 9 4.07380087406661278614326237350e-1
15 10 4.06457408286760314042174306388e-1
15 11 4.05702624987703681899152502425e-1
15 12 4.05611097571682670467663298919e-1
15 13 4.05382098539402498095518425556e-1
15 14 4.05300476503657036582384234186e-1
15 15 1.00000000000000000000000000000e0
16 1 3.55408006766400916488806531168e-1
16 2 3.75304956999743502699748278751e-1
16 3 3.84905466726371689213164902778e-1
16 4 3.88942724856775818387258602433e-1
16 5 3.91386944598052503452919342031e-1
16 6 3.98072905357309601675421915671e-1
16 7 4.04316830626758102141013515651e-1
16 8 4.05032099543613572900317368796e-1
16 9 4.07827071118388994083338864168e-1
16 10 4.07191510598762723261274765330e-1
16 11 4.06356344498582186099482691889e-1
16 12 4.05844460941055170169864663811e-1
16 13 4.05568505501831648284926784771e-1
16 14 4.05374914040265943955729600614e-1
16 15 4.05297340148718321997741067099e-1
16 16 1.00000000000000000000000000000e0
17 1 3.55210642407102623781572787601e-1
17 2 3.73618415906464686586679586377e-1
17 3 3.83497350701412905359690835537e-1
17 4 3.89795229171204545189077618072e-1
17 5 3.98698688855360316119202642497e-1
17 6 3.95955503736634285462234329029e-1
17 7 4.00827134751868816381887474397e-1
17 8 3.87871518058354123388024143953e-1
17 9 4.07408117945238440283046521218e-1
17 10 4.07466688673491454308581093163e-1
17 11 4.05253419136286497426950984356e-1
17 12 4.06206128333251080259273373367e-1
17 13 4.05781394899497006439431223596e-1
17 14 4.05455934767515532723855334661e-1
17 15 4.05348424520291193949312523289e-1
17 16 4.05294955388287053099435171322e-1
17 17 1.00000000000000000000000000000e0
18 1 3.55043373161416485447106518151e-1
18 2 3.74605009449530265305608895753e-1
18 3 3.81846500289682420156333535642e-1
18 4 3.90205780504012006864593835122e-1
18 5 3.90324271145303937713748749728e-1
18 6 3.93781614105740348354147999329e-1
18 7 3.99544470423780913846083199421e-1
18 8 4.05164698746348318340064274141e-1
18 9 4.04307413449346157620896824703e-1
18 10 4.07639528386416247331526210342e-1
18 11 4.06988366317712849289479371869e-1
18 12 4.06237472224121020222171872383e-1
18 13 4.06093738864190399538210272071e-1
18 14 4.05713839083146076981439857057e-1
18 15 4.05457702702429331799640705960e-1
18 16 4.05344540148376475391498386403e-1
18 17 4.05293114561702547203695005158e-1
18 18 1.00000000000000000000000000000e0
19 1 3.54900367190569986827172932638e-1
19 2 3.73270140589011576867811000469e-1
19 3 3.84227210853082464034725813040e-1
19 4 3.85811002807559901099096073282e-1
19 5 3.91506434198888030565361459064e-1
19 6 3.93685690497717385442565223997e-1
19 7 3.97443157610306113822948759359e-1
19 8 4.01557152529789551152110211800e-1
19 9 3.87930650257830743523959454709e-1
19 10 4.06894763629379490665758540366e-1
19 11 4.07607331587970747187497692833e-1
19 12 4.06975001394673556328334208542e-1
19 13 4.06233283360626256391747460520e-1
19 14 4.05564609899615082516895441660e-1
19 15 4.05501836669725776360450239030e-1
19 16 4.05440657151166249521687713824e-1
19 17 4.05328235074341437788816209467e-1
19 18 4.05291674314579606915570592690e-1
19 19 1.00000000000000000000000000000e0
20 1 3.54777141678273027651392691033e-1
20 2 3.74095084515421843302768817074e-1
20 3 3.81702847771287417658613446940e-1
20 4 3.89345647305415466489542504578e-1
20 5 3.91661929380366094446734721709e-1
20 6 4.00623067900063489774908473316e-1
20 7 3.96052142270222477031460055092e-1
20 8 4.00657752014106350744840614876e-1
20 9 4.05871857285001505943585317378e-1
20 10 4.03717283535069190755317046215e-1
20 11 4.07341096293593792899638218633e-1
20 12 4.07038841989599375684124797991e-1
20 13 4.05076801470319232580920095622e-1
20 14 4.06161161995403820133635316426e-1
20 15 4.05735168830864407111296607187e-1
20 16 4.05542594005326991502385497562e-1
20 17 4.05384753600563771681152159586e-1
20 18 4.05326051185739872958293910070e-1
20 19 4.05290533723461516126339388392e-1
20 20 1.00000000000000000000000000000e0
21 1 3.54670204557424856680097263205e-1
21 2 3.73012349426039783901651887586e-1
21 3 3.82134056445547493793869550895e-1
21 4 3.88150190851499686709647104360e-1
21 5 3.92696339849982703621152672985e-1
21 6 3.91846959535687608092781529518e-1
21 7 3.94797341805465539578525970678e-1
21 8 3.99176885458934146814555758666e-1
21 9 4.02148953732792014736715274989e-1
21 10 3.88007534390833405894813863703e-1
21 11 4.06472079451044126336794024803e-1
21 12 4.07215429026597194995965568574e-1
21 13 4.06734450428127909458258629419e-1
21 14 4.06060071843438462829935610556e-1
21 15 4.06003815911640406249182115073e-1
21 16 4.05697043626611347204201790993e-1
21 17 4.05519153957480554269687236778e-1
21 18 4.05385358000295368161092054253e-1
21 19 4.05315510873695254890692893574e-1
21 20 4.05289620473930371820641491217e-1
21 21 1.00000000000000000000000000000e0
22 1 3.54576802630089438300307303462e-1
22 2 3.73712029253649383206277298033e-1
22 3 3.82919595365765219519077285984e-1
22 4 3.87124398948376367056872251916e-1
22 5 3.92143995483951572065541693470e-1
22 6 3.93452942156364706661197090655e-1
22 7 3.95580836286796657641632348529e-1
22 8 3.98102886466296229399097685250e-1
22 9 4.01283643290609979795335212419e-1
22 10 4.06478470588947282415162588409e-1
22 11 4.03218900146795519323244740568e-1
22 12 4.07162286327996550044577057094e-1
22 13 4.07087681486332497081713013719e-1
22 14 4.06827329361826151654519871252e-1
22 15 4.06130576082919424600962800421e-1
22 16 4.05972682667165507211706795131e-1
22 17 4.05658778127188860928435969820e-1
22 18 4.05497310945440496065273133012e-1
22 19 4.05377766725615030684618496297e-1
22 20 4.05314247333704504488780933658e-1
22 21 4.05288881919932342061541639486e-1
22 22 1.00000000000000000000000000000e0
23 1 3.54494741417248488892043016769e-1
23 2 3.72816193379075923770017817315e-1
23 3 3.81020004957666949656012175686e-1
23 4 3.86430766331817191821877202504e-1
23 5 3.88303078156098536547358564277e-1
23 6 3.93488202716136717309848555978e-1
23 7 4.01981100489159965850482263698e-1
23 8 3.96498191428275408592796719472e-1
23 9 4.00321002223778178348657989286e-1
23 10 4.02623874104877251458741949897e-1
23 11 3.88095851971723793856815199164e-1
23 12 4.06085945506273783242144699923e-1
23 13 4.07156622385206087270675312350e-1
23 14 4.06718291296404061147466948492e-1
23 15 4.04946464667700657850062688665e-1
23 16 4.06036160643564108771046497761e-1
23 17 4.05472247558924237967944092130e-1
23 18 4.05631490240612396349082476819e-1
23 19 4.05404280725753790980614826132e-1
23 20 4.05347098237198072563489664510e-1
23 21 4.05307155261428674945255741396e-1
23 22 4.05288279177008124389988637035e-1
23 23 1.00000000000000000000000000000e0
24 1 3.54422254290360503749593922321e-1
24 2 3.73416935208833979273950647087e-1
24 3 3.82373013187012061911644991688e-1
24 4 3.88897410493615435861724546150e-1
24 5 3.92414912116178896644237868606e-1
24 6 3.94202106727748019578692949540e-1
24 7 3.92922284870526648875956065700e-1
24 8 3.95874897925423634538393449956e-1
24 9 3.98784772870312531541481843682e-1
24 10 4.01797136304976803841975663488e-1
24 11 4.07004322183215793246698492746e-1
24 12 4.02805515862415122836101415352e-1
24 13 4.06872459406098400562806300166e-1
24 14 4.07188804781150239395203079547e-1
24 15 4.06550411063765715574098938646e-1
24 16 4.05922807742514008774999311639e-1
24 17 4.05979694955817457217863485243e-1
24 18 4.05658354543301205283934022617e-1
24 19 4.05440514406465342314002366977e-1
24 20 4.05420428852175564870737888872e-1
24 21 4.05347464686588001580822678072e-1
24 22 4.05306410184924422737558984021e-1
24 23 4.05287783144522245892638882429e-1
24 24 1.00000000000000000000000000000e0
25 1 3.54357906046981352809339505927e-1
25 2 3.72663470629198646332671124448e-1
25 3 3.81689827204890533713351235707e-1
25 4 3.85988498951212238906987218868e-1
25 5 3.91022993555696278217278612382e-1
25 6 3.94471593973273384703459233089e-1
25 7 3.94898402015505818756592521064e-1
25 8 3.97145916565090385745185138853e-1
25 9 3.97982968122220017485134452776e-1
25 10 4.01009219166526038334774291214e-1
25 11 4.03002411609062350048652589140e-1
25 12 3.88191155612166699860253725525e-1
25 13 4.05715803417842533714992291831e-1
25 14 4.06984304058022743830981767787e-1
25 15 4.06764769162926506145326067492e-1
25 16 4.06720186117146753880516315300e-1
25 17 4.06020685621377907938539555430e-1
25 18 4.05879573780660952628926360588e-1
25 19 4.05647364515636783854939810521e-1
25 20 4.05492390133967234584835692040e-1
25 21 4.05410304621037628828887112251e-1
25 22 4.05343824882276647049546249218e-1
25 23 4.05301476498035412993530783632e-1
25 24 4.05287371779876495940514303311e-1
25 25 1.00000000000000000000000000000e0
26 1 3.54300520938927465623496579908e-1
26 2 3.73184759009935311408998678439e-1
26 3 3.80997270635326328020114793631e-1
26 4 3.86684347705031835987975352214e-1
26 5 3.90306804891875530751604489533e-1
26 6 3.93444694456222643671807891392e-1
26 7 3.94947008317455974043032846256e-1
26 8 4.02965025018611961130746916152e-1
26 9 3.97124437350337328314672509517e-1
26 10 3.99990039396323258352045090900e-1
26 11 4.02162289307905637924936447441e-1
26 12 4.07467786412621070741299861422e-1
26 13 4.02452594674440544626260000042e-1
26 14 4.06625676231719856007151468040e-1
26 15 4.06827203962695634287693429192e-1
26 16 4.06526699289030579382591897708e-1
26 17 4.04846951666063956233564111639e-1
26 18 4.05987209614586747362823528962e-1
26 19 4.05890993476540816657011793670e-1
26 20 4.05624400559313154219666869344e-1
26 21 4.05477274338775077595901126438e-1
26 22 4.05402190271979410270594993924e-1
26 23 4.05325690125359917111836710051e-1
26 24 4.05301033101404972547720546109e-1
26 25 4.05287028200682199428036996435e-1
26 26 1.00000000000000000000000000000e0
27 1 3.54249128309720526439701489025e-1
27 2 3.72542236360975337794209232291e-1
27 3 3.82221642117472438992870125681e-1
27 4 3.87105900952643464781563510759e-1
27 5 3.89571710220751344945702642999e-1
27 6 3.90180157660220184837407264517e-1
27 7 3.95042152087612552138678619333e-1
27 8 3.93713820255737026178303743698e-1
27 9 3.96821111746931596958636222426e-1
27 10 3.99473531444080417688868539115e-1
27 11 4.01689104374749883957021843832e-1
27 12 4.03317577828887508967191790286e-1
27 13 3.88290328790230125481191220211e-1
27 14 4.05399004609417631797452224224e-1
27 15 4.06816699446173163953342410019e-1
27 16 4.06827312911263932354183034697e-1
27 17 4.06407665390923320881307239988e-1
27 18 4.05809428015990507675019105619e-1
27 19 4.05954991196178877544086380854e-1
27 20 4.05406317598422205328670562432e-1
27 21 4.05582859969884108666771844859e-1
27 22 4.05464676007513211102885755931e-1
27 23 4.05355411402022926256584541297e-1
27 24 4.05325986128231030954406595302e-1
27 25 4.05297502775487374090528388638e-1
27 26 4.05286739343952726042834385114e-1
27 27 1.00000000000000000000000000000e0
28 1 3.54202921080870443697053337459e-1
28 2 3.72998784292102121765777992929e-1
28 3 3.80919722508604560680585713244e-1
28 4 3.87073511777626177693184993650e-1
28 5 3.89776328433564522667621819223e-1
28 6 3.94695276368872912677264553452e-1
28 7 3.95680899128548653592894490567e-1
28 8 3.96047561180869304311906190212e-1
28 9 3.98442281820169559833670653976e-1
28 10 3.98236792684326667454717979426e-1
28 11 4.00855801808236645118650862642e-1
28 12 4.02510086478492997884407680707e-1
28 13 4.07879287854082015427547966455e-1
28 14 4.02155381904640712080771228951e-1
28 15 4.06364374904456415122847163727e-1
28 16 4.06839535399095140021600351030e-1
28 17 4.06572692097712247362635447302e-1
28 18 4.06640117136733870914292043561e-1
28 19 4.05931461111243967613593082071e-1
28 20 4.05864970001883902603443888455e-1
28 21 4.05597900712638665619317572803e-1
28 22 4.05580010738128245153151569978e-1
28 23 4.05457172727793080440998383103e-1
28 24 4.05363218595800697618325733159e-1
28 25 4.05324151951602525110948646846e-1
28 26 4.05297239508542815954646292867e-1
28 27 4.05286495005993872550289759705e-1
28 28 1.00000000000000000000000000000e0
29 1 3.54161223727733803602435334008e-1
29 2 3.72444388084884425786900352776e-1
29 3 3.81240447757950179894420984575e-1
29 4 3.85392766281333514634560324236e-1
29 5 3.91873018330305632644888612833e-1
29 6 3.92980610386390059523094694041e-1
29 7 3.95696297935233102893024833673e-1
29 8 3.96002181818354140477113583220e-1
29 9 4.03692504961944398884362885272e-1
29 10 3.97587463072876372191314555374e-1
29 11 3.99734013306714289334367309667e-1
29 12 4.02104551538239303771250720933e-1
29 13 4.03593119439433435826297834221e-1
29 14 3.88391193065802464776256599017e-1
29 15 4.05122520466841138008939562832e-1
29 16 4.06743940341167705351862654888e-1
29 17 4.06899328684042691629318677876e-1
29 18 4.06373146632726438506843052051e-1
29 19 4.04768916508420189320537544290e-1
29 20 4.05923930188205520967743934895e-1
29 21 4.05795663980539873891425814635e-1
29 22 4.05606176757025679174131105548e-1
29 23 4.05399346116823240379362815643e-1
29 24 4.05372823898342980898310881172e-1
29 25 4.05358335823873418181684980487e-1
29 26 4.05312782904995720131269145470e-1
29 27 4.05294651594208481360933319411e-1
29 28 4.05286287146294310409286091972e-1
29 29 1.00000000000000000000000000000e0
30 1 3.54123467342933565218594502121e-1
30 2 3.72847504458239842869694719160e-1
30 3 3.81632280760092656628834214901e-1
30 4 3.87158356721813592968985487291e-1
30 5 3.88739192357180425621466278832e-1
30 6 3.92642954251453534128007038610e-1
30 7 3.94377191582952943066149241207e-1
30 8 3.96075096424711799124115910101e-1
30 9 3.94315675260654998760443656778e-1
30 10 3.97725143009005961939918490578e-1
30 11 3.99229022337986687320849424867e-1
30 12 4.01492634108788558512037880711e-1
30 13 4.02788384560724747594193967536e-1
30 14 4.08248682493089053008398995829e-1
30 15 4.01899104519780207490624235503e-1
30 16 4.06168834099019847771903953810e-1
30 17 4.06734389465085899820276656031e-1
30 18 4.06586543108469423904704656014e-1
30 19 4.06296479671392583922909619206e-1
30 20 4.05717758274676157960407836732e-1
30 21 4.05859890141837736055665443192e-1
30 22 4.05832740517636528616569229608e-1
30 23 4.05575113342761156974037373938e-1
30 24 4.05457723306400191884926192979e-1
30 25 4.05393873835520721448124191794e-1
30 26 4.05355070077957373158394438256e-1
30 27 4.05313038473728220488509472477e-1
30 28 4.05294498048313843210878556177e-1
30 29 4.05286109376969631729137473652e-1
30 30 1.0000000000000000000000000000e0
31 1 3.54089170048664899492614398939e-1
31 2 3.72364272215365780725456391066e-1
31 3 3.80622715212745761007882332811e-1
31 4 3.86378281991164531983822231536e-1
31 5 3.89743285118629186200432299058e-1
31 6 3.92144544357624101100228171811e-1
31 7 3.91680090451256808693272680851e-1
31 8 3.96695336584193615197132751242e-1
31 9 3.96961540386234499270289414569e-1
31 10 3.99519827650910625086384614221e-1
31 11 3.98538841808005260961102190773e-1
31 12 4.00598149402379304569403953210e-1
31 13 4.02398177425163078879539441962e-1
31 14 4.03838041614098627372523058215e-1
31 15 3.88492230980273670335328473586e-1
31 16 4.04862767965613072064120270529e-1
31 17 4.06543736993549428824640240514e-1
31 18 4.06558338068887321359291130376e-1
31 19 4.06378631737543914158809979865e-1
31 20 4.06578115954095468854799717291e-1
31 21 4.05860718548682462671824401591e-1
31 22 4.05843917953166516669052903077e-1
31 23 4.05357039283675801288864395281e-1
31 24 4.05561582760338647375077561412e-1
31 25 4.05452870214172011030897722939e-1
31 26 4.05387103228223453983351079754e-1
31 27 4.05329128158317984600593975241e-1
31 28 4.05312086400140901328939092581e-1
31 29 4.05292560842704433213187363063e-1
31 30 4.05285956584261723932344842299e-1
31 31 1.00000000000000000000000000000e0
32 1 3.54057921484986412004782685600e-1
32 2 3.72722787536480854676302100922e-1
32 3 3.81443113605287043346714428982e-1
32 4 3.85995652178460671788981909810e-1
32 5 3.89786371472776369730559491059e-1
32 6 3.91683186165602221162055673957e-1
32 7 3.96462741796181718817874106037e-1
32 8 3.96832467964382546849240786139e-1
32 9 3.96873607465140646536642409115e-1
32 10 4.04240325360172927041426489282e-1
32 11 3.98170029841206140186418637570e-1
32 12 4.00429800782264918314089425838e-1
32 13 4.01857524509600571675726685469e-1
32 14 4.03052138340826853858571558063e-1
32 15 4.08582116332180438164408794622e-1
32 16 4.01680615191580364565466080172e-1
32 17 4.05963200396407265520835161329e-1
32 18 4.06614629957483551378293533522e-1
32 19 4.06634845719951476821835589778e-1
32 20 4.06266564303636329315055439585e-1
32 21 4.04706388746836504263696045699e-1
32 22 4.05880605631645461063887479459e-1
32 23 4.05774508800637853635310351780e-1
32 24 4.05551638637868554576325928335e-1
32 25 4.05534036269075821453168680882e-1
32 26 4.05444190751310438359026871658e-1
32 27 4.05382218432523061779670322207e-1
32 28 4.05333433489752839951960089970e-1
32 29 4.05304617030156878291969370311e-1
32 30 4.05292475101323426905563764325e-1
32 31 4.05285824645117782814927194728e-1
32 32 1.0000000000000000000000000000e0
33 1 3.54029370432282507867008145051e-1
33 2 3.72297846514786569346375995949e-1
33 3 3.81005281114727043845873339691e-1
33 4 3.85856057459444785135948602652e-1
33 5 3.90146532081168006399393639185e-1
33 6 3.92311927609905242489631823783e-1
33 7 3.94408559932495593473672485462e-1
33 8 3.96487624161592416247164051555e-1
33 9 3.96916731239811312879474251673e-1
33 10 3.94785434330397311335813586821e-1
33 11 3.98513891585552187104679025788e-1
33 12 3.99393029531556258322393797734e-1
33 13 4.01269133089343008316912993931e-1
33 14 4.02693374944204644880485351986e-1
33 15 4.04056203490709458985513988566e-1
33 16 3.88592392289911800522469419541e-1
33 17 4.04631732482777287064897724478e-1
33 18 4.06398760289565637064014458942e-1
33 19 4.06612119264314128345396747980e-1
33 20 4.06406025311183929566099077711e-1
33 21 4.06209782211196254589913346008e-1
33 22 4.05640246220412736551150253581e-1
33 23 4.05841102826230757733072748212e-1
33 24 4.05734417024457697689467049441e-1
33 25 4.05565714825456084016032905559e-1
33 26 4.05544655321212819446271330021e-1
33 27 4.05429920815076523677249693879e-1
33 28 4.05380224569760650684041282008e-1
33 29 4.05330875228260944745272324714e-1
33 30 4.05304838175900653039210942746e-1
33 31 4.05290998190043201203995596574e-1
33 32 4.05285710212972542786893721544e-1
33 33 1.00000000000000000000000000000e0
34 1 3.54003214864134731364543133698e-1
34 2 3.72618753714045139214631442175e-1
34 3 3.80660206464028334454575494531e-1
34 4 3.86962531374908813321411457871e-1
34 5 3.89635959415372412774326605880e-1
34 6 3.93870524337136609554273740117e-1
34 7 3.94289178387211866606934346642e-1
34 8 3.95130198911754478210511990208e-1
34 9 3.97111089974604648471909656216e-1
34 10 3.97717120235866149835889863483e-1
34 11 4.00418642328893095742578187364e-1
34 12 3.98948071329752556735057445674e-1
34 13 4.00446704221292462896609957060e-1
34 14 4.02329401787967351820438233472e-1
34 15 4.03269074967653857108824199222e-1
34 16 4.08885456364576303724563014313e-1
34 17 4.01490609598548546662386079885e-1
34 18 4.05780079937344974539167477200e-1
34 19 4.06506281066141213530366296644e-1
34 20 4.06687019543262942294546759042e-1
34 21 4.06258977702025849986869884203e-1
34 22 4.06529201736779413174703594843e-1
34 23 4.05794964712036625081911244217e-1
34 24 4.05827871480227009849820001746e-1
34 25 4.05789050831147986518739669402e-1
34 26 4.05553834127903912436447590204e-1
34 27 4.05369859361180613080372723765e-1
34 28 4.05431684411140593109213801897e-1
34 29 4.05337549185448048372340242968e-1
34 30 4.05329520827850934598600077739e-1
34 31 4.05304339269822453490202261471e-1
34 32 4.05290954720854410796746025027e-1
34 33 4.05285610554412904662464654077e-1
34 34 1.0000000000000000000000000000e0
35 1 3.53979193899838062281198535334e-1
35 2 3.72242158685662963374204023426e-1
35 3 3.81393428505973902873762024422e-1
35 4 3.85436464118126471280033680515e-1
35 5 3.88409379873115510186996896943e-1
35 6 3.90662265049247098107756836846e-1
35 7 3.93811322074859125590441962603e-1
35 8 3.92924245843802544953728748484e-1
35 9 3.97498917144929616316698522154e-1
35 10 3.97630032651134734344565741978e-1
35 11 4.04658425864905095522229572484e-1
35 12 3.98708429996326826905428972650e-1
35 13 4.00100288653089658493341837773e-1
35 14 4.01797086622031426824039946863e-1
35 15 4.02888915810222392179381601888e-1
35 16 4.04249921281478659251391897073e-1
35 17 3.88690958433536647112662999264e-1
35 18 4.04430397710895557259334329139e-1
35 19 4.06248709347998309821927953541e-1
35 20 4.06538716125630743687068889960e-1
35 21 4.06440416256988703934639323122e-1
35 22 4.06174856919269435591332644418e-1
35 23 4.04655385186051464482143000803e-1
35 24 4.05819474871118308060696552594e-1
35 25 4.05763745216813049078491253366e-1
35 26 4.05318907981367738475399196194e-1
35 27 4.05542954206687105522481275727e-1
35 28 4.05430870082060448356319596493e-1
35 29 4.05351688008762066282263885275e-1
35 30 4.05347763534038395915897367249e-1
35 31 4.05314034255363017507395791350e-1
35 32 4.05299239970414396481070277358e-1
35 33 4.05289810396416540056627777809e-1
35 34 4.05285523423611579510510614360e-1
35 35 1.00000000000000000000000000000e0
36 1 3.53957081252784122346326359058e-1
36 2 3.72531065756214807103314430119e-1
36 3 3.80592136076555373136798000163e-1
36 4 3.85995162138632521110127192138e-1
36 5 3.90427389677763577896185778248e-1
36 6 3.91991507325458779782742441023e-1
36 7 3.93357193786655482020085415300e-1
36 8 3.97875214117427910016706523676e-1
36 9 3.97590190745505510823098860633e-1
36 10 3.97702546482829802301169287965e-1
36 11 3.95160090900837261880098330672e-1
36 12 3.99241251820123236306583476107e-1
36 13 3.99573928780789387871824500564e-1
36 14 4.01089049244725281622956584329e-1
36 15 4.02635339542417812796406810565e-1
36 16 4.03469988529831961454729180052e-1
36 17 4.09162614836540315397489155390e-1
36 18 4.01327017508138303377135877227e-1
36 19 4.05589254715190414310078930632e-1
36 20 4.06482751961282807628363436237e-1
36 21 4.06360914952173319048170507913e-1
36 22 4.06306632317706924637358163893e-1
36 23 4.06140728535378909441171465909e-1
36 24 4.05575578215335075833711810266e-1
36 25 4.05801212309064436957617816583e-1
36 26 4.05713929315735649808613131293e-1
36 27 4.05513821580488896659389094159e-1
36 28 4.05520300763760422635784388526e-1
36 29 4.05432842976669670755760499924e-1
36 30 4.05375741381862133068615506826e-1
36 31 4.05344408094554516885725433628e-1
36 32 4.05316636110166876726102110200e-1
36 33 4.05299429810653782242286989573e-1
36 34 4.05289793349904895766587178352e-1
36 35 4.05285446965047301142360833494e-1
36 36 1.00000000000000000000000000000e0
37 1 3.53936679865024227745607476125e-1
37 2 3.72195011723012700235516022469e-1
37 3 3.80845301330119931383869007446e-1
37 4 3.86204330151731671380782171353e-1
37 5 3.89388189208493742205659914316e-1
37 6 3.91841542932525628732499823590e-1
37 7 3.93370140271153395865417840370e-1
37 8 3.95504578531664954292768506998e-1
37 9 3.97085777388893407626392326005e-1
37 10 3.97721007402405948443837667261e-1
37 11 3.98344327673116554001991326027e-1
37 12 4.01170807131019692671608424314e-1
37 13 3.99186326959870581494027747721e-1
37 14 4.01136133358086817922069288959e-1
37 15 4.02217331818694471303792235083e-1
37 16 4.03074814906981895189396486511e-1
37 17 4.04421952271498630220451274434e-1
37 18 3.88787447315868674539680013413e-1
37 19 4.04245365511277615953813172253e-1
37 20 4.06090213672985818894366585733e-1
37 21 4.06450970157277506995802241277e-1
37 22 4.06485229815700391065291951381e-1
37 23 4.06170190631930659880350847294e-1
37 24 4.06489706186073682791774631714e-1
37 25 4.05736258931469286676524824974e-1
37 26 4.05748063900209813431885429645e-1
37 27 4.05687106469475457142692992066e-1
37 28 4.05534419679729821268020836972e-1
37 29 4.05500238427324665025816860591e-1
37 30 4.05420659376873222682915683412e-1
37 31 4.05373611857382662057007631870e-1
37 32 4.05342298292984853566498240200e-1
37 33 4.05315207271041878940412014624e-1
37 34 4.05299172532561008768437989316e-1
37 35 4.05288893894857936372745519166e-1
37 36 4.05285379637588584994439640161e-1
37 37 1.0000000000000000000000000000e0
38 1 3.53917817488660865904598132664e-1
38 2 3.72456467345246015670414203420e-1
38 3 3.81054317759578963441799699327e-1
38 4 3.86057798553222738813150771110e-1
38 5 3.89203163066215812169367786837e-1
38 6 3.92262511151018808412719137723e-1
38 7 3.94256461652520804586483751218e-1
38 8 3.95566451933412674880271579507e-1
38 9 3.95751878524272583270741236328e-1
38 10 3.98286977718994329434991576024e-1
38 11 3.98265931305163747803181384715e-1
38 12 4.04981764939864429520599969295e-1
38 13 3.99188570847231059906530400168e-1
38 14 4.00231528871628271333350268813e-1
38 15 4.01634811322540831630701357427e-1
38 16 4.02858258760678955005606494656e-1
38 17 4.03636349447958890730851239008e-1
38 18 4.09417349157069560109969090457e-1
38 19 4.01183745252637759816088718947e-1
38 20 4.05431925739626998920094662530e-1
38 21 4.06324508856306545875294890267e-1
38 22 4.06443155152252605880087770134e-1
38 23 4.06301438595024763798711936228e-1
38 24 4.06104081005863544905467837430e-1
38 25 4.04613153028213733824295454720e-1
38 26 4.05774080024212908857420481782e-1
38 27 4.05753187149947836214993977966e-1
38 28 4.05755263047124344137804136735e-1
38 29 4.05529195524874591739790241641e-1
38 30 4.05519036082298050918311896501e-1
38 31 4.05416462397946284930771627879e-1
38 32 4.05369834794093674944132152430e-1
38 33 4.05341995545656047781273943420e-1
38 34 4.05314663914159779045586185474e-1
38 35 4.05295578048803124610918397440e-1
38 36 4.05288893280743940880425743337e-1
38 37 4.05285320154840710337697391257e-1
38 38 1.00000000000000000000000000000e0
39 1 3.53900343027733347629005960937e-1
39 2 3.72154743303682339381610725627e-1
39 3 3.80441234676227539137863907665e-1
39 4 3.85264876989675266616869319926e-1
39 5 3.88906297140777174685202310634e-1
39 6 3.92173392244521213207080319539e-1
39 7 3.95269638325166010252831518722e-1
39 8 3.95162910413437009746721699717e-1
39 9 3.93982047938417816324439225797e-1
39 10 3.98324840085860397658190569578e-1
39 11 3.98289419473544949514918126409e-1
39 12 3.95464368804699554203063032123e-1
39 13 3.99876516071942850757958057887e-1
39 14 3.99816696964827763507136049410e-1
39 15 4.01003512342779811580939907983e-1
39 16 4.02416353238543577538589361804e-1
39 17 4.03263809627197903226927433186e-1
39 18 4.04577689203763419846964807518e-1
39 19 3.88881546001527323619975101947e-1
39 20 4.04076001985106625364446798011e-1
39 21 4.05986242794059144972159061694e-1
39 22 4.06372257850536639833462150140e-1
39 23 4.06524224898319825548800623950e-1
39 24 4.06171180864351003511208906786e-1
39 25 4.06084231738302629030852358021e-1
39 26 4.05519826994319090533745125364e-1
39 27 4.05767234754178465235297182749e-1
39 28 4.05709956511529148024993311853e-1
39 29 4.05288590992772490701197563075e-1
39 30 4.05507738859253780714158884958e-1
39 31 4.05347739650541426176795794168e-1
39 32 4.05406960549522616239232851820e-1
39 33 4.05364016117838180983374419441e-1
39 34 4.05318196923111027967964758188e-1
39 35 4.05304872495548179409200213224e-1
39 36 4.05295740000640078116513211874e-1
39 37 4.05288177157116326973451423100e-1
39 38 4.05285267437966230511726661772e-1
39 39 1.00000000000000000000000000000e0
40 1 3.53884123494541450039822294210e-1
40 2 3.72392475017411477806697481879e-1
40 3 3.80997328560434421416198353387e-1
40 4 3.86333936039142980026451112670e-1
40 5 3.89280549703851071451169462673e-1
40 6 3.91470675366298452500425405001e-1
40 7 3.92091720971307370049770748585e-1
40 8 3.94946321941022829371697957934e-1
40 9 3.99029455313256409353451912898e-1
40 10 3.98230228006653128885526129956e-1
40 11 3.98320108676201182899993270496e-1
40 12 3.98878102655791912460407618058e-1
40 13 4.01802014359778183789301770237e-1
40 14 3.99569927297395958883188015683e-1
40 15 4.00743977906761141328104953022e-1
40 16 4.02062432570377172585995879124e-1
40 17 4.03019387400385414362414357800e-1
40 18 4.03787880788055875101838677660e-1
40 19 4.09652292740042892583896450006e-1
40 20 4.01059417998762050386605592472e-1
40 21 4.05280700042281960945293952299e-1
40 22 4.06233896734458056925922596952e-1
40 23 4.06386575624837043897230567435e-1
40 24 4.06330777437064583727819274392e-1
40 25 4.06084787442481055231616226535e-1
40 26 4.06457404652916226206208668923e-1
40 27 4.05687670089273422942821480004e-1
40 28 4.05745687455391211768568436695e-1
40 29 4.05665189020181969885275258567e-1
40 30 4.05483334030625542851939769130e-1
40 31 4.05505002440535522977302743602e-1
40 32 4.05410454653963122176167326321e-1
40 33 4.05414010094348135560804381195e-1
40 34 4.05366139597541993778083127150e-1
40 35 4.05323788040891758642743197462e-1
40 36 4.05306553226882251894274446443e-1
40 37 4.05295614925381694464709605951e-1
40 38 4.05288186603710788257902043777e-1
40 39 4.05285220578140360097575864837e-1
40 40 1.00000000000000000000000000000e0
41 1 3.53869041465178877983086291894e-1
41 2 3.72120076864929728257033275292e-1
41 3 3.80677425022949873665417662486e-1
41 4 3.85726581864038947664339032982e-1
41 5 3.89959335561690946797626067228e-1
41 6 3.90685253762395813338948090946e-1
41 7 3.93708850809357081508236111690e-1
41 8 3.94629984075829051978965502236e-1
41 9 3.96374307477218573035078255311e-1
41 10 3.97572634301734738077161817534e-1
41 11 3.98511886968553976396190969998e-1
41 12 3.98790285516309739775134966449e-1
41 13 4.05233994061944838609690138771e-1
41 14 3.99686323091972841166514509852e-1
41 15 4.00359432693914578360357667683e-1
41 16 4.01485325114681692782928624790e-1
41 17 4.02766637234813976865970470023e-1
41 18 4.03404564572071207895083312960e-1
41 19 4.04720717556211210700393121992e-1
41 20 3.88973062817726161957309366977e-1
41 21 4.03926668928605297346056912601e-1
41 22 4.05854727789197771571668426723e-1
41 23 4.06301771377400895696360808394e-1
41 24 4.06209710332416633754396752047e-1
41 25 4.06187046862477615912074136581e-1
41 26 4.06040600246627022046941442988e-1
41 27 4.04577733180746037157285398186e-1
41 28 4.05730402248914528947250580361e-1
41 29 4.05741326583508863285300901399e-1
41 30 4.05649288572288776938728476560e-1
41 31 4.05509531145283233412126490072e-1
41 32 4.05486740015056652448511525637e-1
41 33 4.05414189267247112419111664683e-1
41 34 4.05336532233465450000125893281e-1
41 35 4.05325547333947279489336035404e-1
41 36 4.05321987602954234151770791155e-1
41 37 4.05305713896765463695390444272e-1
41 38 4.05293011592696346113909135166e-1
41 39 4.05287609815864211142898436098e-1
41 40 4.05285178806498675075667296333e-1
41 41 1.00000000000000000000000000000e0
42 1 3.53854992942810003670327238572e-1
42 2 3.72337167925449662027319074378e-1
42 3 3.80492103266275161022282409916e-1
42 4 3.85584989098533735034951964072e-1
42 5 3.88394050726776395439743365551e-1
42 6 3.92800852664115067815088348725e-1
42 7 3.93447148522270215056639871789e-1
42 8 3.94843949535462281063800876105e-1
42 9 3.96550600490770532740784511753e-1
42 10 3.96300872835660093201331266657e-1
42 11 3.98722698574677349609289871704e-1
42 12 3.98795716656404884348166496933e-1
42 13 3.95715342882651997248043212076e-1
42 14 4.00454282160953168545919401917e-1
42 15 4.00099930519890524197247537190e-1
42 16 4.01679253738029617540376396456e-1
42 17 4.02402075331975006173331275565e-1
42 18 4.03220265391430173569938729500e-1
42 19 4.03915632533056699484215915092e-1
42 20 4.09869985841855726470728509743e-1
42 21 4.00949908468995821041627890910e-1
42 22 4.05149016685386337814687105075e-1
42 23 4.06135449034399360985149283845e-1
42 24 4.06331446129905392785733453883e-1
42 25 4.06364834293335591813770690935e-1
42 26 4.06089601887190217785088392887e-1
42 27 4.06036776777411437986390035998e-1
42 28 4.05472214514783287919720111624e-1
42 29 4.05745913557802085267337014984e-1
42 30 4.05696647076330232301061917774e-1
42 31 4.05728345162337925450472512373e-1
42 32 4.05510932592380606410653727842e-1
42 33 4.05475283463090315294636896580e-1
42 34 4.05409780314058570982122391520e-1
42 35 4.05361849055967825953551962979e-1
42 36 4.05337291686651595635132465812e-1
42 37 4.05321009739931091929222503099e-1
42 38 4.05305530327217577021105748915e-1
42 39 4.05293149334290589656438919630e-1
42 40 4.05287625225766476594348230456e-1
42 41 4.05285141469948215142878670880e-1
42 42 1.00000000000000000000000000000e0
43 1 3.53841885555660889098679730103e-1
43 2 3.72090018929924440677063168520e-1
43 3 3.80971441613463642376517607695e-1
43 4 3.85609519280329320154664834369e-1
43 5 3.89213135055492701102638850488e-1
43 6 3.91489497993387664679239853797e-1
43 7 3.93681262006916941895694573207e-1
43 8 3.95750425365456287367981633346e-1
43 9 3.96284132014101420210969083258e-1
43 10 3.94897029629274109078543271079e-1
43 11 3.98860730271871067766713128514e-1
43 12 3.98786767998284873990856616636e-1
43 13 3.99334362946226932496449642747e-1
43 14 4.02332908568734043870354999729e-1
43 15 3.99910398743659465616802295098e-1
43 16 4.00857401533181994610770091759e-1
43 17 4.01926467898714389993289715717e-1
43 18 4.03001050422334805263969513699e-1
43 19 4.03548387555289646560621933888e-1
43 20 4.04852806128996116069594432939e-1
43 21 3.89061893042121266287845951742e-1
43 22 4.03791446501390898130215213834e-1
43 23 4.05742023380515355705300160184e-1
43 24 4.06303962108969646900614554066e-1
43 25 4.06311820952042894882995194690e-1
43 26 4.06214773260280698685743292273e-1
43 27 4.06026352961393502214846867243e-1
43 28 4.06430550124984069275765284680e-1
43 29 4.05644531418339924050066700672e-1
43 30 4.05719366527720325142477430419e-1
43 31 4.05657034551846051097612576523e-1
43 32 4.05263954792053505539557240754e-1
43 33 4.05498337210617883111712301519e-1
43 34 4.05499594580796471512727929777e-1
43 35 4.05405555318065536110727575436e-1
43 36 4.05362649147213228059507416635e-1
43 37 4.05336306493542744148888669220e-1
43 38 4.05321228349164395146754506376e-1
43 39 4.05299048324326360834330634221e-1
43 40 4.05293097667263630430097839271e-1
43 41 4.05287155780618527765418832680e-1
43 42 4.05285108011595054235100864190e-1
43 43 1.0000000000000000000000000000e0
44 1 3.53829637031092868956345811524e-1
44 2 3.72289041453653067163398971392e-1
44 3 3.80426670371438085329026393189e-1
44 4 3.86154007693075500692115945121e-1
44 5 3.89171185334497145234736845384e-1
44 6 3.91519977069324970134994440310e-1
44 7 3.93781974795478621642231987499e-1
44 8 3.96291804239593642113838088640e-1
44 9 3.95994671608098320034819922846e-1
44 10 3.99989244863980095286082862344e-1
44 11 3.98629477480529949056523774860e-1
44 12 3.98896027890204564221935736666e-1
44 13 3.99246339110713254478763146146e-1
44 14 4.05432625070940957935677586013e-1
44 15 4.00116603715661639239405926907e-1
44 16 4.00503370394096890487314703801e-1
44 17 4.01451300215431932049335633901e-1
44 18 4.02712645529624476024849332987e-1
44 19 4.03344796358997783883080260014e-1
44 20 4.04035703129150500382945274996e-1
44 21 4.10072278374676264936837620983e-1
44 22 4.00854290799878752055129286174e-1
44 23 4.05014002942131713076659717312e-1
44 24 4.06032159059802369399172643888e-1
44 25 4.06266446965808709079071617509e-1
44 26 4.06395515183081019419967801540e-1
44 27 4.06133970936826600999429765670e-1
44 28 4.05988420279325994813512647307e-1
44 29 4.04547696366329833948801547270e-1
44 30 4.05697701640831919994737657374e-1
44 31 4.05670733472771878933065727551e-1
44 32 4.05629318730822351477166269302e-1
44 33 4.05457660588529379532994486883e-1
44 34 4.05493141972790822013577038694e-1
44 35 4.05330558578518332144572310398e-1
44 36 4.05397964430002136625781982912e-1
44 37 4.05357109902611292084796761300e-1
44 38 4.05334480816585136433673428222e-1
44 39 4.05306949946048372687416272674e-1
44 40 4.05300190152096618075814874653e-1
44 41 4.05291167867692443834440784159e-1
44 42 4.05287174507266888735538201714e-1
44 43 4.05285077954827556957166753379e-1
44 44 1.00000000000000000000000000000e0
45 1 3.53818173898437237051033785061e-1
45 2 3.72063786963890127049154652990e-1
45 3 3.80634586312428795877141075685e-1
45 4 3.85231836967724572037779252115e-1
45 5 3.89270736715666614227761265198e-1
45 6 3.91282342525093650118201531945e-1
45 7 3.93566031472765559243311026821e-1
45 8 3.93204213928576801683774426961e-1
45 9 3.95633687920403607627816153144e-1
45 10 3.97080832091329605938851308253e-1
45 11 3.97946204773629430768165077469e-1
45 12 3.99383750523079626473090333658e-1
45 13 3.99218709000089051447974307348e-1
45 14 3.95925136811229811478425415919e-1
45 15 4.00960591774894475710354365316e-1
45 16 4.00225913307780459922721222144e-1
45 17 4.01239002382247326660771809204e-1
45 18 4.02279208487517456679283300127e-1
45 19 4.03176081977595606558564528681e-1
45 20 4.03684193219498585560913795213e-1
45 21 4.04974903512092335553075984135e-1
45 22 3.89147994170531759106173006299e-1
45 23 4.03665766328658035653361513894e-1
45 24 4.05633755728128061437271664658e-1
45 25 4.06168492149844901179489712377e-1
45 26 4.06268828557085446551845791128e-1
45 27 4.06237541720062378959341975441e-1
45 28 4.06023919427860798829804501760e-1
45 29 4.05996115153553929525651880865e-1
45 30 4.05430516432447963577023361836e-1
45 31 4.05704102896758049286425138451e-1
45 32 4.05687881923400896515908880318e-1
45 33 4.05618841728076773327967458134e-1
45 34 4.05486678532718986842068619236e-1
45 35 4.05476717500642135732384053898e-1
45 36 4.05393889886816423219298045798e-1
45 37 4.05390816898189714904602781442e-1
45 38 4.05355607795590733770478095201e-1
45 39 4.05331809136683925115058157278e-1
45 40 4.05310285605609889801116925416e-1
45 41 4.05299676726176794870088208609e-1
45 42 4.05291284968041101744647509363e-1
45 43 4.05286788779733915540557694756e-1
45 44 4.05285050890310408126580839308e-1
45 45 1.00000000000000000000000000000e0
46 1 3.53807430382205834155047811875e-1
46 2 3.72246903436938519803670317987e-1
46 3 3.80747078595965307577920587679e-1
46 4 3.85693945974513349174020294801e-1
46 5 3.88878689902765881002294482251e-1
46 6 3.91270756362808487301314538613e-1
46 7 3.92872201291961860819892175690e-1
46 8 3.95074213306042670758184343426e-1
46 9 3.95658503540385703354458139842e-1
46 10 3.97352127123170171268697180213e-1
46 11 3.96785190033743702236037371907e-1
46 12 3.99369395325275394592458046366e-1
46 13 3.99284034766423640620069302588e-1
46 14 3.99731200386343203775167485287e-1
46 15 4.02780180969344640222388462817e-1
46 16 4.00229806229543871313799003924e-1
46 17 4.00946598417119117610882187871e-1
46 18 4.01818935716861860898831162153e-1
46 19 4.02814329484355729735036563881e-1
46 20 4.03462829863470456294816419986e-1
46 21 4.04142134183348540002563277768e-1
46 22 4.10260960966977217676096851955e-1
46 23 4.00769687555409257551001121092e-1
46 24 4.04895123236901844432389126769e-1
46 25 4.05924503415681618908745643924e-1
46 26 4.06205951496669540750744855086e-1
46 27 4.06090152607092156967778607522e-1
46 28 4.06120139365869554161047005667e-1
46 29 4.05974886063173212550482830307e-1
46 30 4.06408015364984588786222764623e-1
46 31 4.05604617689241610010814620810e-1
46 32 4.05694328037288485898043455341e-1
46 33 4.05650134136422288819206198903e-1
46 34 4.05706476957296568028349410936e-1
46 35 4.05488614196531790477047278513e-1
46 36 4.05463192766004063746363835451e-1
46 37 4.05400020004298753611300729174e-1
46 38 4.05401094471274525783455239038e-1
46 39 4.05351778067101730687180231364e-1
46 40 4.05333556239816248470663688163e-1
46 41 4.05309256827962307434145016456e-1
46 42 4.05299655238892250560032979991e-1
46 43 4.05291274161798220791000108413e-1
46 44 4.05286809113678932621149369531e-1
46 45 4.05285026465308439731048509188e-1
46 46 1.00000000000000000000000000000e0
47 1 3.53797347454391579836124943335e-1
47 2 3.72040757808127079165092959676e-1
47 3 3.80344017500884036634469310368e-1
47 4 3.85776137095058460970947163084e-1
47 5 3.88479381027794013578757159790e-1
47 6 3.91771684809578922500387268393e-1
47 7 3.92492769456985477659893376007e-1
47 8 3.94715504337045296091842761107e-1
47 9 3.96047546249758604676210777497e-1
47 10 3.97142906555893667715597370682e-1
47 11 3.95698542789492258113292143844e-1
47 12 3.99302646614509279799689120264e-1
47 13 3.99294476071113564497929652102e-1
47 14 3.99650172058529701362347603709e-1
47 15 4.05589826943011801435550738054e-1
47 16 4.00523975450149524936022817937e-1
47 17 4.00692020999546710557835142216e-1
47 18 4.02109632723263529814395574728e-1
47 19 4.02587052951933076441547712185e-1
47 20 4.03321285479209586640026370458e-1
47 21 4.03792914203050418183800790319e-1
47 22 4.05087616727921957468303995540e-1
47 23 3.89231367992045880499109324557e-1
47 24 4.03553135638892835968628449414e-1
47 25 4.05515094341842729069398187117e-1
47 26 4.06108004718487355766260800482e-1
47 27 4.06226434493517440069982266493e-1
47 28 4.06266397765349974178397286906e-1
47 29 4.06031093591394192276771371561e-1
47 30 4.05941657768012831139418000708e-1
47 31 4.04521977379196717469969745267e-1
47 32 4.05662764908472222223933086567e-1
47 33 4.05678001337732324443213007655e-1
47 34 4.05619762360327874018917076582e-1
47 35 4.05243571773350917210817295576e-1
47 36 4.05482473655494765585704491381e-1
47 37 4.05455925518128154512023013679e-1
47 38 4.05397936015710037400997439173e-1
47 39 4.05325147607736236591912562006e-1
47 40 4.05356313489264988626369893748e-1
47 41 4.05310854194244171097385411354e-1
47 42 4.05308784352523626532783002689e-1
47 43 4.05295199427218724682314182691e-1
47 44 4.05289814539660233190000708377e-1
47 45 4.05286489412855031961626729897e-1
47 46 4.05285004374884570451820905513e-1
47 47 1.00000000000000000000000000000e0
48 1 3.53787872020242353577566484300e-1
48 2 3.72209799374535576729277706590e-1
48 3 3.80747944926178647495632695901e-1
48 4 3.85619264050644186276835707739e-1
48 5 3.89627059317937550679564953794e-1
48 6 3.91986045711746663980886141330e-1
48 7 3.94586757091570354616040488585e-1
48 8 3.94852375089296350768750689758e-1
48 9 3.96895066707871816629873148039e-1
48 10 3.96876524776481421617426568106e-1
48 11 4.00798557721049077724841451098e-1
48 12 3.98988984150131284219750903243e-1
48 13 3.99521415222570823345055386798e-1
48 14 3.99619064666884947377409152627e-1
48 15 3.96102565733731219229342862690e-1
48 16 4.01418527038712683347356968509e-1
48 17 4.00509375115482453845914129232e-1
48 18 4.01346795603913912684924363013e-1
48 19 4.02177696714906303653936764170e-1
48 20 4.03087539260197393084216906763e-1
48 21 4.03571360462291474053045815228e-1
48 22 4.04243965265746503914542163512e-1
48 23 4.10437377832245785993302858070e-1
48 24 4.00695466206999983692628697753e-1
48 25 4.04782523831671003375615104667e-1
48 26 4.05866455945714010610066377684e-1
48 27 4.06157103360856326667258299799e-1
48 28 4.06207387537120108990936063624e-1
48 29 4.06135906553045312516139751764e-1
48 30 4.05973932295859073583030060593e-1
48 31 4.05961246148777706147998842374e-1
48 32 4.05394258269551535928741360984e-1
48 33 4.05676789675927518369918803219e-1
48 34 4.05678669875996210764247909857e-1
48 35 4.05599034108448163167257639804e-1
48 36 4.05436221751019693344090482667e-1
48 37 4.05464947909516738247050658487e-1
48 38 4.05484390963119981942371121442e-1
48 39 4.05389315063229872945734502310e-1
48 40 4.05351333107331435858141202191e-1
48 41 4.05316938351649173630471175022e-1
48 42 4.05317289361979616517121622800e-1
48 43 4.05309136924200874025297441051e-1
48 44 4.05296006301567995146396410751e-1
48 45 4.05289914229176417355928735999e-1
48 46 4.05286510256049478442897931813e-1
48 47 4.05284984354612509713459677589e-1
48 48 1.00000000000000000000000000000e0
49 1 3.53778956216441728957116459084e-1
49 2 3.72020430246284966005672855983e-1
49 3 3.80496898071269970376002670273e-1
49 4 3.85214641423074099478819187903e-1
49 5 3.88791747580380630531541494049e-1
49 6 3.90513800698010520777626485174e-1
49 7 3.93039063686884805390537311173e-1
49 8 3.95098845956273819659212623422e-1
49 9 3.97063450556666621487458483133e-1
49 10 3.96736515519826339479591201765e-1
49 11 3.97665262508691327609384062097e-1
49 12 3.98282170302341057079476431262e-1
49 13 3.99602461957499706792845465990e-1
49 14 3.99671156375897123236938752443e-1
49 15 4.00077722584676234940416281960e-1
49 16 4.03158416226306283589766157891e-1
49 17 4.00519541891311817909016556330e-1
49 18 4.01041393159892174405888417765e-1
49 19 4.01819498043710485567891586741e-1
49 20 4.02826578137098663546381423991e-1
49 21 4.03416726956678570177363794279e-1
49 22 4.03903345567416920851111666409e-1
49 23 4.05191835217940889343375699367e-1
49 24 3.89312047537867170217431528783e-1
49 25 4.03451715432684347535740082274e-1
49 26 4.05423980574950499672234257427e-1
49 27 4.06036284629460961694672413207e-1
49 28 4.06171470684723083524688016845e-1
49 29 4.06291047428531137774733961743e-1
49 30 4.06039143077168093509062583354e-1
49 31 4.05927008540192127053618183093e-1
49 32 4.06388872997236934631535488669e-1
49 33 4.05570118948980625816176971502e-1
49 34 4.05672620004624589365004237494e-1
49 35 4.05644307621886324877874224944e-1
49 36 4.05594012904539798360578946851e-1
49 37 4.05466944441947624661480974548e-1
49 38 4.05467904243819127404802059155e-1
49 39 4.05316845599852790049615225654e-1
49 40 4.05388940749736713825599420580e-1
49 41 4.05352785308368482701319539220e-1
49 42 4.05329332643701008234884390989e-1
49 43 4.05316811840092419649659065977e-1
49 44 4.05300068669344425702584147935e-1
49 45 4.05295681719111099648233621171e-1
49 46 4.05289925854005389956339649836e-1
49 47 4.05286243164933916043639892413e-1
49 48 4.05284966174519382104415394169e-1
49 49 1.00000000000000000000000000000e0
50 1 3.53770556804299315407567318599e-1
50 2 3.72176957733140143578689517319e-1
50 3 3.80395837057093467985013667786e-1
50 4 3.85921910868881778729759264462e-1
50 5 3.88820716518379823693302838303e-1
50 6 3.91566470889714590118626563468e-1
50 7 3.93238911579549957950579267137e-1
50 8 3.95021754954289151333729382433e-1
50 9 3.94101138921457761659316266709e-1
50 10 3.96530756121957174293751310805e-1
50 11 3.98004511033533396523954645856e-1
50 12 3.97228590544390334959000662732e-1
50 13 3.99771730240637877781251791293e-1
50 14 3.99687435192496444448031270253e-1
50 15 4.00003490068873663675672367229e-1
50 16 4.05715044739975090346055513516e-1
50 17 4.00912634973472555788118154935e-1
50 18 4.00894276041773135577044157755e-1
50 19 4.01631510312925918406930381232e-1
50 20 4.02494546807190210138731249527e-1
50 21 4.03275548152093019814661467379e-1
50 22 4.03694830240636478848363417215e-1
50 23 4.04336002422926142170306022599e-1
50 24 4.10602833870620412022181017734e-1
50 25 4.00629569845642270226191364705e-1
50 26 4.04684464051309541944749038981e-1
50 27 4.05772570385810694755882663910e-1
50 28 4.06173755807725905906720694481e-1
50 29 4.06174185508015665730658333089e-1
50 30 4.06162070399207713253560844250e-1
50 31 4.05969978758632337828128119474e-1
50 32 4.05903071389207974845942084589e-1
50 33 4.04499767513336210601951364870e-1
50 34 4.05632050001301111013978656698e-1
50 35 4.05659305770283750019615830809e-1
50 36 4.05621025576521621785923072880e-1
50 37 4.05688359016210590137231519240e-1
50 38 4.05472396855918651182881344570e-1
50 39 4.05457110737316580430959230012e-1
50 40 4.05380567006172328562222238580e-1
50 41 4.05382735741166984269648771194e-1
50 42 4.05350945539230579469188523412e-1
50 43 4.05329779990958451888212802588e-1
50 44 4.05315856531869263934586382200e-1
50 45 4.05302191024758337855976489393e-1
50 46 4.05295731578181955287789611522e-1
50 47 4.05288802228320697708580891543e-1
50 48 4.05286263821288655032106232998e-1
50 49 4.05284949634031366884198641805e-1
50 50 1.00000000000000000000000000000e0
